T:    Energy variance:    Magnetization:   Energy:   AbsMagnet:   HeatCap:   Susceptibility:
0.5 0 1 0 -2 1 0 0
0.6 0 1 0 -2 1 0 0
0.7 0.00130607 0.780845 9.99964e-05 -1.99992 0.999975 0.00130607 2.22999
0.8 0.0097462 0.230055 0.00108712 -1.99922 0.999725 0.0097462 4.73371
0.9 0.0138175 -0.11391 0.00171004 -1.9986 0.99951 0.0138175 4.38413
1 0.0312985 -0.05829 0.00381334 -1.99608 0.99871 0.0312985 3.97991
1.1 0.0499258 -0.050435 0.00745657 -1.99242 0.997365 0.0499258 3.61543
1.2 0.0831461 0.077345 0.0126728 -1.98492 0.994935 0.0831461 3.29238
1.3 0.113175 0.00512 0.0183396 -1.97584 0.99196 0.113175 3.0459
1.4 0.158916 -0.013365 0.0283983 -1.96036 0.986655 0.158916 2.80928
1.5 0.196765 -0.07397 0.037143 -1.94308 0.98099 0.196765 2.5888
1.6 0.230168 -0.051635 0.0463387 -1.9235 0.974465 0.230168 2.41363
1.7 0.269672 -0.035685 0.0570883 -1.89762 0.966015 0.269672 2.24982
1.8 0.315426 0.01531 0.0717691 -1.86382 0.95446 0.315426 2.09568
1.9 0.332404 0.00684 0.0793074 -1.83738 0.94588 0.332404 1.96276
