T:    Energy variance:    Magnetization:   Energy:   AbsMagnet:   HeatCap:   Susceptibility:
0.5 0 1 0 -2 1 0 0
0.6 0.000222221 0.999996 2.33332e-05 -1.99999 0.999996 0.000222221 2.33332e-05
0.7 0.00251409 -0.192378 0.000238555 -1.99985 0.999946 0.00251409 5.50243
0.8 0.00667322 0.0469135 0.000701083 -1.99947 0.999817 0.00667322 4.98787
0.9 0.0148432 -0.034253 0.0016278 -1.9985 0.999505 0.0148432 4.43646
1 0.0332108 -0.073272 0.00403453 -1.99584 0.998633 0.0332108 3.97163
1.1 0.0536912 0.0016315 0.00747556 -1.99185 0.997266 0.0536912 3.62398
1.2 0.0816138 0.030627 0.0121611 -1.9852 0.995085 0.0816138 3.30968
1.3 0.117963 0.0165325 0.019346 -1.97477 0.991555 0.117963 3.04368
1.4 0.155551 0.015687 0.0273077 -1.96116 0.987046 0.155551 2.8102
1.5 0.19555 -0.00526 0.0366339 -1.94348 0.981191 0.19555 2.60386
1.6 0.232323 -0.0040055 0.0467479 -1.92282 0.974239 0.232323 2.41956
1.7 0.270823 8e-05 0.0576824 -1.89713 0.965751 0.270823 2.25221
1.8 0.306783 -0.0140505 0.0690326 -1.86751 0.955959 0.306783 2.09939
1.9 0.335508 0.0020165 0.0798452 -1.83599 0.945467 0.335508 1.96175
