T:    Energy variance:    Magnetization:   Energy:   AbsMagnet:   HeatCap:   Susceptibility:
0.5 0.0001024 0.685159 5.59999e-06 -2 0.999999 0.0001024 4.24445
0.6 0.000502217 0.145877 3.7333e-05 -1.99998 0.999992 0.000502217 6.52474
0.7 0.00242268 0.0680998 0.000217414 -1.99985 0.99995 0.00242268 5.68743
0.8 0.0067107 0.022676 0.000673339 -1.99946 0.999821 0.0067107 4.99631
0.9 0.0160482 -0.0384822 0.00179914 -1.99837 0.999459 0.0160482 4.43485
1 0.0324523 0.0060374 0.00407942 -1.99594 0.998641 0.0324523 3.99307
1.1 0.0550104 0.0168149 0.00754888 -1.99165 0.997219 0.0550104 3.62269
1.2 0.0835406 -0.00061985 0.0125441 -1.98485 0.99495 0.0835406 3.3123
1.3 0.117454 -0.0084476 0.0191091 -1.97489 0.99163 0.117454 3.04452
1.4 0.156026 0.00721245 0.0272509 -1.96106 0.987044 0.156026 2.81069
1.5 0.195362 0.00502895 0.0366739 -1.94356 0.981197 0.195362 2.60393
1.6 0.234198 -3.195e-05 0.0469877 -1.92221 0.974071 0.234198 2.41902
1.7 0.271731 -0.0009347 0.0577948 -1.89683 0.965672 0.271731 2.25196
1.8 0.306289 -0.0021438 0.0693123 -1.86771 0.955904 0.306289 2.09986
1.9 0.335429 0.0037969 0.0801285 -1.83598 0.945366 0.335429 1.96161
