Time x y v_x v_y
0 1.0000000 0.0000000 0.0000000 6.2800000
1 1.0000790 0.012560000 0.078947493 6.2804957
2 1.0003158 0.025121983 0.15784520 6.2819817
3 1.0007103 0.037687926 0.23663107 6.2844543
4 1.0012622 0.050259797 0.31524353 6.2879072
5 1.0019712 0.062839550 0.39362173 6.2923316
6 1.0028366 0.075429117 0.47170576 6.2977161
7 1.0038579 0.088030405 0.54943696 6.3040469
8 1.0050342 0.10064529 0.62675804 6.3113078
9 1.0063647 0.11327562 0.70361341 6.3194805
10 1.0078485 0.12592319 0.77994928 6.3285444
11 1.0094843 0.13858977 0.85571390 6.3384771
12 1.0112711 0.15127707 0.93085768 6.3492545
13 1.0132075 0.16398675 1.0053334 6.3608506
14 1.0152921 0.17672042 1.0790962 6.3732380
15 1.0175236 0.18947965 1.1521039 6.3863880
16 1.0199002 0.20226592 1.2243169 6.4002707
17 1.0224205 0.21508066 1.2956982 6.4148554
18 1.0250827 0.22792527 1.3662138 6.4301102
19 1.0278850 0.24080103 1.4358321 6.4460031
20 1.0308256 0.25370919 1.5045246 6.4625010
21 1.0339027 0.26665094 1.5722654 6.4795710
22 1.0371143 0.27962738 1.6390314 6.4971797
23 1.0404584 0.29263955 1.7048023 6.5152939
24 1.0439331 0.30568844 1.7695601 6.5338803
25 1.0475363 0.31877495 1.8332898 6.5529061
26 1.0512659 0.33189993 1.8959786 6.5723386
27 1.0551198 0.34506417 1.9576163 6.5921457
28 1.0590959 0.35826838 2.0181949 6.6122959
29 1.0631921 0.37151321 2.0777087 6.6327582
30 1.0674063 0.38479926 2.1361540 6.6535025
31 1.0717363 0.39812706 2.1935292 6.6744994
32 1.0761800 0.41149710 2.2498346 6.6957205
33 1.0807352 0.42490978 2.3050723 6.7171382
34 1.0853998 0.43836548 2.3592459 6.7387258
35 1.0901718 0.45186451 2.4123607 6.7604578
36 1.0950489 0.46540714 2.4644234 6.7823094
37 1.1000290 0.47899357 2.5154421 6.8042573
38 1.1051102 0.49262398 2.5654258 6.8262787
39 1.1102903 0.50629850 2.6143850 6.8483522
40 1.1155673 0.52001720 2.6623310 6.8704574
41 1.1209392 0.53378014 2.7092760 6.8925749
42 1.1264040 0.54758731 2.7552331 6.9146864
43 1.1319598 0.56143869 2.8002160 6.9367744
44 1.1376045 0.57533421 2.8442392 6.9588227
45 1.1433363 0.58927379 2.8873175 6.9808158
46 1.1491534 0.60325728 2.9294663 7.0027395
47 1.1550538 0.61728455 2.9707016 7.0245801
48 1.1610358 0.63135540 3.0110394 7.0463251
49 1.1670976 0.64546965 3.0504962 7.0679628
50 1.1732375 0.65962706 3.0890885 7.0894824
51 1.1794536 0.67382738 3.1268331 7.1108736
52 1.1857445 0.68807036 3.1637469 7.1321273
53 1.1921083 0.70235570 3.1998469 7.1532350
54 1.1985435 0.71668310 3.2351500 7.1741887
55 1.2050486 0.73105226 3.2696730 7.1949812
56 1.2116219 0.74546284 3.3034329 7.2156062
57 1.2182620 0.75991449 3.3364465 7.2360577
58 1.2249674 0.77440688 3.3687303 7.2563303
59 1.2317366 0.78893963 3.4003009 7.2764193
60 1.2385683 0.80351237 3.4311745 7.2963205
61 1.2454610 0.81812473 3.4613674 7.3160300
62 1.2524135 0.83277631 3.4908955 7.3355447
63 1.2594243 0.84746672 3.5197745 7.3548616
64 1.2664923 0.86219558 3.5480197 7.3739783
65 1.2736162 0.87696246 3.5756465 7.3928928
66 1.2807947 0.89176697 3.6026698 7.4116034
67 1.2880266 0.90660870 3.6291043 7.4301087
68 1.2953108 0.92148724 3.6549644 7.4484076
69 1.3026462 0.93640217 3.6802642 7.4664995
70 1.3100317 0.95135307 3.7050175 7.4843839
71 1.3174661 0.96633954 3.7292380 7.5020605
72 1.3249484 0.98136115 3.7529388 7.5195294
73 1.3324776 0.99641750 3.7761330 7.5367908
74 1.3400527 1.0115082 3.7988332 7.5538452
75 1.3476727 1.0266327 3.8210518 7.5706932
76 1.3553367 1.0417908 3.8428010 7.5873357
77 1.3630437 1.0569819 3.8640924 7.6037735
78 1.3707929 1.0722057 3.8849378 7.6200078
79 1.3785833 1.0874618 3.9053482 7.6360398
80 1.3864141 1.1027497 3.9253348 7.6518710
81 1.3942845 1.1180692 3.9449081 7.6675028
82 1.4021936 1.1334196 3.9640786 7.6829367
83 1.4101406 1.1488008 3.9828564 7.6981744
84 1.4181248 1.1642122 4.0012515 7.7132178
85 1.4261455 1.1796535 4.0192734 7.7280686
86 1.4342018 1.1951243 4.0369316 7.7427287
87 1.4422930 1.2106243 4.0542352 7.7572000
88 1.4504186 1.2261530 4.0711930 7.7714846
89 1.4585777 1.2417101 4.0878138 7.7855845
90 1.4667697 1.2572952 4.1041059 7.7995018
91 1.4749940 1.2729080 4.1200776 7.8132386
92 1.4832499 1.2885481 4.1357367 7.8267970
93 1.4915368 1.3042151 4.1510912 7.8401793
94 1.4998541 1.3199087 4.1661484 7.8533875
95 1.5082012 1.3356285 4.1809158 7.8664239
96 1.5165776 1.3513743 4.1954005 7.8792908
97 1.5249827 1.3671456 4.2096093 7.8919902
98 1.5334160 1.3829421 4.2235492 7.9045245
99 1.5418768 1.3987636 4.2372266 7.9168959
100 1.5503648 1.4146096 4.2506480 7.9291066
101 1.5588793 1.4304799 4.2638194 7.9411588
102 1.5674199 1.4463741 4.2767471 7.9530547
103 1.5759862 1.4622920 4.2894368 7.9647965
104 1.5845776 1.4782332 4.3018942 7.9763864
105 1.5931937 1.4941975 4.3141250 7.9878266
106 1.6018340 1.5101844 4.3261344 7.9991192
107 1.6104981 1.5261939 4.3379279 8.0102664
108 1.6191856 1.5422254 4.3495103 8.0212704
109 1.6278961 1.5582789 4.3608869 8.0321331
110 1.6366291 1.5743539 4.3720623 8.0428568
111 1.6453842 1.5904502 4.3830412 8.0534435
112 1.6541611 1.6065676 4.3938283 8.0638952
113 1.6629595 1.6227057 4.4044279 8.0742139
114 1.6717788 1.6388643 4.4148445 8.0844018
115 1.6806188 1.6550432 4.4250822 8.0944606
116 1.6894790 1.6712421 4.4351451 8.1043925
117 1.6983593 1.6874607 4.4450371 8.1141994
118 1.7072591 1.7036988 4.4547623 8.1238831
119 1.7161782 1.7199562 4.4643242 8.1334455
120 1.7251163 1.7362326 4.4737267 8.1428885
121 1.7340731 1.7525277 4.4829732 8.1522139
122 1.7430482 1.7688413 4.4920673 8.1614236
123 1.7520413 1.7851733 4.5010123 8.1705193
124 1.7610521 1.8015234 4.5098115 8.1795027
125 1.7700805 1.8178913 4.5184682 8.1883757
126 1.7791260 1.8342768 4.5269854 8.1971398
127 1.7881883 1.8506798 4.5353662 8.2057969
128 1.7972674 1.8670999 4.5436135 8.2143485
129 1.8063627 1.8835371 4.5517303 8.2227963
130 1.8154742 1.8999910 4.5597193 8.2311418
131 1.8246016 1.9164616 4.5675832 8.2393867
132 1.8337445 1.9329485 4.5753248 8.2475325
133 1.8429028 1.9494517 4.5829466 8.2555807
134 1.8520762 1.9659708 4.5904511 8.2635329
135 1.8612646 1.9825057 4.5978409 8.2713905
136 1.8704676 1.9990563 4.6051183 8.2791550
137 1.8796850 2.0156223 4.6122856 8.2868278
138 1.8889166 2.0322036 4.6193451 8.2944103
139 1.8981623 2.0487999 4.6262991 8.3019039
140 1.9074218 2.0654111 4.6331496 8.3093099
141 1.9166949 2.0820371 4.6398989 8.3166298
142 1.9259813 2.0986776 4.6465490 8.3238648
143 1.9352810 2.1153325 4.6531018 8.3310162
144 1.9445937 2.1320016 4.6595594 8.3380853
145 1.9539192 2.1486848 4.6659236 8.3450733
146 1.9632574 2.1653819 4.6721964 8.3519816
147 1.9726080 2.1820927 4.6783794 8.3588112
148 1.9819708 2.1988171 4.6844746 8.3655633
149 1.9913458 2.2155549 4.6904835 8.3722393
150 2.0007327 2.2323060 4.6964080 8.3788401
151 2.0101314 2.2490702 4.7022496 8.3853669
152 2.0195417 2.2658474 4.7080099 8.3918208
153 2.0289634 2.2826375 4.7136906 8.3982030
154 2.0383964 2.2994402 4.7192931 8.4045144
155 2.0478406 2.3162555 4.7248190 8.4107562
156 2.0572957 2.3330832 4.7302696 8.4169294
157 2.0667616 2.3499232 4.7356465 8.4230350
158 2.0762382 2.3667753 4.7409510 8.4290740
159 2.0857254 2.3836394 4.7461844 8.4350473
160 2.0952229 2.4005154 4.7513482 8.4409560
161 2.1047307 2.4174032 4.7564435 8.4468010
162 2.1142487 2.4343026 4.7614717 8.4525832
163 2.1237766 2.4512135 4.7664339 8.4583036
164 2.1333144 2.4681358 4.7713315 8.4639630
165 2.1428619 2.4850693 4.7761655 8.4695623
166 2.1524190 2.5020140 4.7809371 8.4751024
167 2.1619856 2.5189697 4.7856475 8.4805842
168 2.1715616 2.5359363 4.7902978 8.4860085
169 2.1811468 2.5529137 4.7948889 8.4913761
170 2.1907411 2.5699018 4.7994221 8.4966878
171 2.2003444 2.5869004 4.8038982 8.5019445
172 2.2099567 2.6039095 4.8083184 8.5071468
173 2.2195777 2.6209290 4.8126835 8.5122957
174 2.2292074 2.6379587 4.8169946 8.5173918
175 2.2388457 2.6549985 4.8212526 8.5224359
176 2.2484924 2.6720484 4.8254584 8.5274287
177 2.2581475 2.6891082 4.8296129 8.5323710
178 2.2678108 2.7061779 4.8337171 8.5372633
179 2.2774823 2.7232572 4.8377716 8.5421066
180 2.2871619 2.7403463 4.8417775 8.5469013
181 2.2968494 2.7574448 4.8457355 8.5516483
182 2.3065448 2.7745528 4.8496464 8.5563481
183 2.3162480 2.7916702 4.8535111 8.5610014
184 2.3259588 2.8087968 4.8573302 8.5656089
185 2.3356773 2.8259326 4.8611046 8.5701712
186 2.3454032 2.8430775 4.8648350 8.5746888
187 2.3551366 2.8602313 4.8685220 8.5791624
188 2.3648773 2.8773941 4.8721666 8.5835927
189 2.3746252 2.8945657 4.8757692 8.5879801
190 2.3843803 2.9117460 4.8793306 8.5923253
191 2.3941425 2.9289350 4.8828515 8.5966288
192 2.4039117 2.9461325 4.8863326 8.6008912
193 2.4136878 2.9633385 4.8897744 8.6051130
194 2.4234708 2.9805529 4.8931775 8.6092948
195 2.4332605 2.9977757 4.8965427 8.6134371
196 2.4430570 3.0150066 4.8998705 8.6175404
197 2.4528600 3.0322458 4.9031615 8.6216053
198 2.4626696 3.0494930 4.9064162 8.6256322
199 2.4724857 3.0667483 4.9096353 8.6296217
200 2.4823081 3.0840115 4.9128193 8.6335742
201 2.4921369 3.1012826 4.9159687 8.6374902
202 2.5019720 3.1185615 4.9190841 8.6413702
203 2.5118132 3.1358480 4.9221660 8.6452147
204 2.5216606 3.1531423 4.9252149 8.6490241
205 2.5315141 3.1704441 4.9282313 8.6527988
206 2.5413735 3.1877535 4.9312157 8.6565394
207 2.5512389 3.2050703 4.9341686 8.6602462
208 2.5611102 3.2223944 4.9370905 8.6639197
209 2.5709873 3.2397259 4.9399818 8.6675602
210 2.5808701 3.2570647 4.9428430 8.6711683
211 2.5907586 3.2744106 4.9456744 8.6747443
212 2.6006528 3.2917636 4.9484767 8.6782886
213 2.6105525 3.3091237 4.9512502 8.6818017
214 2.6204578 3.3264908 4.9539953 8.6852839
215 2.6303685 3.3438648 4.9567124 8.6887355
216 2.6402846 3.3612457 4.9594019 8.6921571
217 2.6502061 3.3786335 4.9620643 8.6955489
218 2.6601329 3.3960279 4.9647000 8.6989113
219 2.6700649 3.4134291 4.9673092 8.7022447
220 2.6800021 3.4308369 4.9698925 8.7055494
221 2.6899444 3.4482513 4.9724501 8.7088258
222 2.6998919 3.4656722 4.9749825 8.7120742
223 2.7098444 3.4830995 4.9774899 8.7152950
224 2.7198018 3.5005333 4.9799728 8.7184884
225 2.7297642 3.5179735 4.9824315 8.7216550
226 2.7397315 3.5354199 4.9848663 8.7247948
227 2.7497037 3.5528727 4.9872775 8.7279084
228 2.7596806 3.5703316 4.9896655 8.7309959
229 2.7696623 3.5877966 4.9920307 8.7340577
230 2.7796488 3.6052678 4.9943732 8.7370941
231 2.7896398 3.6227450 4.9966935 8.7401054
232 2.7996355 3.6402282 4.9989918 8.7430920
233 2.8096358 3.6577173 5.0012684 8.7460540
234 2.8196406 3.6752124 5.0035237 8.7489917
235 2.8296499 3.6927133 5.0057578 8.7519056
236 2.8396636 3.7102200 5.0079712 8.7547958
237 2.8496817 3.7277325 5.0101640 8.7576625
238 2.8597042 3.7452506 5.0123366 8.7605062
239 2.8697311 3.7627745 5.0144892 8.7633270
240 2.8797622 3.7803039 5.0166220 8.7661252
241 2.8897976 3.7978390 5.0187354 8.7689011
242 2.8998371 3.8153795 5.0208296 8.7716549
243 2.9098809 3.8329256 5.0229049 8.7743869
244 2.9199287 3.8504771 5.0249614 8.7770973
245 2.9299807 3.8680340 5.0269995 8.7797864
246 2.9400367 3.8855962 5.0290193 8.7824544
247 2.9500968 3.9031638 5.0310212 8.7851015
248 2.9601608 3.9207366 5.0330053 8.7877280
249 2.9702288 3.9383147 5.0349719 8.7903341
250 2.9803007 3.9558979 5.0369211 8.7929201
251 2.9903765 3.9734863 5.0388533 8.7954861
252 3.0004561 3.9910799 5.0407685 8.7980324
253 3.0105395 4.0086784 5.0426672 8.8005591
254 3.0206268 4.0262821 5.0445493 8.8030666
255 3.0307177 4.0438907 5.0464153 8.8055550
256 3.0408124 4.0615043 5.0482651 8.8080246
257 3.0509108 4.0791228 5.0500992 8.8104755
258 3.0610128 4.0967462 5.0519175 8.8129079
259 3.0711184 4.1143744 5.0537205 8.8153221
260 3.0812277 4.1320075 5.0555081 8.8177182
261 3.0913405 4.1496453 5.0572807 8.8200964
262 3.1014568 4.1672878 5.0590384 8.8224570
263 3.1115766 4.1849351 5.0607813 8.8248000
264 3.1216999 4.2025870 5.0625097 8.8271258
265 3.1318266 4.2202436 5.0642238 8.8294344
266 3.1419568 4.2379048 5.0659237 8.8317261
267 3.1520903 4.2555705 5.0676095 8.8340011
268 3.1622272 4.2732408 5.0692815 8.8362595
269 3.1723674 4.2909155 5.0709398 8.8385014
270 3.1825110 4.3085947 5.0725846 8.8407272
271 3.1926578 4.3262784 5.0742160 8.8429368
272 3.2028078 4.3439665 5.0758342 8.8451306
273 3.2129611 4.3616589 5.0774393 8.8473087
274 3.2231176 4.3793557 5.0790316 8.8494711
275 3.2332772 4.3970568 5.0806111 8.8516182
276 3.2434400 4.4147622 5.0821780 8.8537500
277 3.2536059 4.4324718 5.0837324 8.8558667
278 3.2637749 4.4501856 5.0852745 8.8579685
279 3.2739470 4.4679037 5.0868044 8.8600554
280 3.2841222 4.4856259 5.0883224 8.8621278
281 3.2943003 4.5033522 5.0898284 8.8641857
282 3.3044815 4.5210826 5.0913226 8.8662292
283 3.3146656 4.5388171 5.0928052 8.8682585
284 3.3248527 4.5565556 5.0942763 8.8702737
285 3.3350427 4.5742982 5.0957361 8.8722751
286 3.3452356 4.5920447 5.0971846 8.8742627
287 3.3554314 4.6097952 5.0986220 8.8762366
288 3.3656301 4.6275496 5.1000484 8.8781970
289 3.3758316 4.6453080 5.1014639 8.8801441
290 3.3860360 4.6630702 5.1028687 8.8820779
291 3.3962431 4.6808363 5.1042629 8.8839986
292 3.4064530 4.6986062 5.1056465 8.8859063
293 3.4166657 4.7163799 5.1070197 8.8878012
294 3.4268811 4.7341574 5.1083827 8.8896834
295 3.4370992 4.7519386 5.1097355 8.8915529
296 3.4473200 4.7697236 5.1110782 8.8934100
297 3.4575435 4.7875123 5.1124110 8.8952547
298 3.4677697 4.8053046 5.1137339 8.8970872
299 3.4779984 4.8231006 5.1150470 8.8989076
300 3.4882298 4.8409002 5.1163506 8.9007159
301 3.4984638 4.8587035 5.1176446 8.9025124
302 3.5087004 4.8765103 5.1189292 8.9042970
303 3.5189395 4.8943207 5.1202044 8.9060700
304 3.5291812 4.9121346 5.1214704 8.9078315
305 3.5394254 4.9299520 5.1227273 8.9095815
306 3.5496721 4.9477729 5.1239751 8.9113202
307 3.5599213 4.9655973 5.1252139 8.9130476
308 3.5701730 4.9834251 5.1264440 8.9147639
309 3.5804271 5.0012563 5.1276652 8.9164692
310 3.5906836 5.0190909 5.1288778 8.9181636
311 3.6009426 5.0369290 5.1300818 8.9198472
312 3.6112040 5.0547703 5.1312773 8.9215200
313 3.6214677 5.0726150 5.1324645 8.9231822
314 3.6317338 5.0904630 5.1336433 8.9248340
315 3.6420023 5.1083144 5.1348138 8.9264752
316 3.6522731 5.1261689 5.1359762 8.9281062
317 3.6625462 5.1440268 5.1371306 8.9297269
318 3.6728216 5.1618878 5.1382769 8.9313375
319 3.6830993 5.1797521 5.1394154 8.9329380
320 3.6933792 5.1976196 5.1405460 8.9345286
321 3.7036615 5.2154902 5.1416689 8.9361093
322 3.7139459 5.2333640 5.1427841 8.9376802
323 3.7242326 5.2512409 5.1438917 8.9392415
324 3.7345215 5.2691210 5.1449918 8.9407931
325 3.7448126 5.2870041 5.1460844 8.9423353
326 3.7551058 5.3048903 5.1471697 8.9438680
327 3.7654012 5.3227796 5.1482476 8.9453913
328 3.7756988 5.3406719 5.1493184 8.9469054
329 3.7859985 5.3585672 5.1503820 8.9484103
330 3.7963003 5.3764655 5.1514385 8.9499061
331 3.8066043 5.3943668 5.1524880 8.9513929
332 3.8169103 5.4122711 5.1535305 8.9528707
333 3.8272184 5.4301783 5.1545662 8.9543397
334 3.8375285 5.4480884 5.1555950 8.9557999
335 3.8478407 5.4660015 5.1566171 8.9572514
336 3.8581550 5.4839174 5.1576325 8.9586942
337 3.8684713 5.5018363 5.1586413 8.9601285
338 3.8787896 5.5197579 5.1596435 8.9615543
339 3.8891098 5.5376825 5.1606392 8.9629717
340 3.8994321 5.5556098 5.1616285 8.9643808
341 3.9097564 5.5735400 5.1626115 8.9657815
342 3.9200826 5.5914730 5.1635881 8.9671741
343 3.9304107 5.6094087 5.1645584 8.9685586
344 3.9407408 5.6273472 5.1655226 8.9699350
345 3.9510728 5.6452884 5.1664806 8.9713034
346 3.9614067 5.6632324 5.1674325 8.9726639
347 3.9717425 5.6811791 5.1683784 8.9740166
348 3.9820802 5.6991285 5.1693183 8.9753614
349 3.9924198 5.7170805 5.1702524 8.9766986
350 4.0027612 5.7350352 5.1711805 8.9780280
351 4.0131045 5.7529926 5.1721029 8.9793499
352 4.0234496 5.7709526 5.1730195 8.9806643
353 4.0337966 5.7889153 5.1739304 8.9819711
354 4.0441454 5.8068805 5.1748356 8.9832706
355 4.0544959 5.8248484 5.1757353 8.9845628
356 4.0648483 5.8428188 5.1766294 8.9858476
357 4.0752024 5.8607917 5.1775180 8.9871252
358 4.0855584 5.8787673 5.1784011 8.9883957
359 4.0959160 5.8967453 5.1792789 8.9896590
360 4.1062755 5.9147259 5.1801513 8.9909153
361 4.1166366 5.9327090 5.1810184 8.9921647
362 4.1269995 5.9506946 5.1818803 8.9934070
363 4.1373642 5.9686826 5.1827369 8.9946425
364 4.1477305 5.9866731 5.1835884 8.9958712
365 4.1580985 6.0046661 5.1844348 8.9970931
366 4.1684682 6.0226615 5.1852761 8.9983083
367 4.1788396 6.0406593 5.1861123 8.9995169
368 4.1892127 6.0586596 5.1869436 9.0007188
369 4.1995874 6.0766622 5.1877699 9.0019142
370 4.2099638 6.0946672 5.1885914 9.0031031
371 4.2203418 6.1126746 5.1894080 9.0042856
372 4.2307214 6.1306843 5.1902198 9.0054616
373 4.2411026 6.1486964 5.1910268 9.0066313
374 4.2514855 6.1667109 5.1918290 9.0077947
375 4.2618699 6.1847276 5.1926266 9.0089519
376 4.2722560 6.2027467 5.1934195 9.0101028
377 4.2826436 6.2207680 5.1942079 9.0112476
378 4.2930328 6.2387917 5.1949916 9.0123864
379 4.3034236 6.2568176 5.1957708 9.0135190
380 4.3138159 6.2748457 5.1965456 9.0146457
381 4.3242098 6.2928761 5.1973158 9.0157664
382 4.3346052 6.3109088 5.1980817 9.0168811
383 4.3450021 6.3289437 5.1988432 9.0179901
384 4.3554005 6.3469808 5.1996003 9.0190931
385 4.3658005 6.3650200 5.2003531 9.0201905
386 4.3762019 6.3830615 5.2011017 9.0212820
387 4.3866049 6.4011052 5.2018460 9.0223679
388 4.3970093 6.4191510 5.2025861 9.0234482
389 4.4074152 6.4371990 5.2033221 9.0245228
390 4.4178226 6.4552491 5.2040539 9.0255919
391 4.4282314 6.4733013 5.2047816 9.0266555
392 4.4386417 6.4913557 5.2055053 9.0277136
393 4.4490535 6.5094122 5.2062249 9.0287662
394 4.4594666 6.5274707 5.2069405 9.0298135
395 4.4698812 6.5455314 5.2076522 9.0308554
396 4.4802972 6.5635942 5.2083599 9.0318920
397 4.4907147 6.5816590 5.2090637 9.0329233
398 4.5011335 6.5997259 5.2097637 9.0339494
399 4.5115537 6.6177948 5.2104598 9.0349703
400 4.5219753 6.6358657 5.2111521 9.0359860
401 4.5323983 6.6539387 5.2118407 9.0369966
402 4.5428227 6.6720137 5.2125255 9.0380022
403 4.5532484 6.6900907 5.2132065 9.0390027
404 4.5636755 6.7081697 5.2138839 9.0399982
405 4.5741040 6.7262507 5.2145576 9.0409887
406 4.5845337 6.7443337 5.2152277 9.0419743
407 4.5949649 6.7624186 5.2158942 9.0429550
408 4.6053973 6.7805055 5.2165572 9.0439308
409 4.6158311 6.7985943 5.2172166 9.0449018
410 4.6262662 6.8166851 5.2178724 9.0458680
411 4.6367026 6.8347778 5.2185248 9.0468295
412 4.6471403 6.8528724 5.2191737 9.0477862
413 4.6575793 6.8709689 5.2198192 9.0487382
414 4.6680196 6.8890674 5.2204613 9.0496856
415 4.6784611 6.9071677 5.2211000 9.0506284
416 4.6889040 6.9252699 5.2217353 9.0515666
417 4.6993481 6.9433739 5.2223673 9.0525002
418 4.7097934 6.9614799 5.2229961 9.0534293
419 4.7202400 6.9795877 5.2236215 9.0543540
420 4.7306879 6.9976973 5.2242437 9.0552741
421 4.7411370 7.0158088 5.2248626 9.0561899
422 4.7515874 7.0339221 5.2254784 9.0571012
423 4.7620389 7.0520372 5.2260909 9.0580082
424 4.7724917 7.0701541 5.2267004 9.0589108
425 4.7829457 7.0882728 5.2273066 9.0598092
426 4.7934009 7.1063933 5.2279098 9.0607032
427 4.8038574 7.1245156 5.2285099 9.0615930
428 4.8143150 7.1426397 5.2291069 9.0624787
429 4.8247738 7.1607655 5.2297009 9.0633601
430 4.8352338 7.1788931 5.2302919 9.0642374
431 4.8456950 7.1970225 5.2308799 9.0651105
432 4.8561573 7.2151536 5.2314649 9.0659796
433 4.8666208 7.2332864 5.2320470 9.0668445
434 4.8770855 7.2514209 5.2326261 9.0677055
435 4.8875513 7.2695572 5.2332024 9.0685624
436 4.8980183 7.2876952 5.2337757 9.0694153
437 4.9084864 7.3058349 5.2343462 9.0702643
438 4.9189557 7.3239762 5.2349139 9.0711094
439 4.9294261 7.3421193 5.2354787 9.0719505
440 4.9398976 7.3602640 5.2360408 9.0727878
441 4.9503702 7.3784105 5.2366000 9.0736212
442 4.9608440 7.3965585 5.2371565 9.0744508
443 4.9713189 7.4147083 5.2377103 9.0752766
444 4.9817948 7.4328596 5.2382613 9.0760986
445 4.9922719 7.4510126 5.2388096 9.0769168
446 5.0027501 7.4691673 5.2393553 9.0777314
447 5.0132293 7.4873236 5.2398983 9.0785422
448 5.0237097 7.5054815 5.2404387 9.0793494
449 5.0341911 7.5236410 5.2409764 9.0801529
450 5.0446736 7.5418021 5.2415115 9.0809528
451 5.0551571 7.5599648 5.2420441 9.0817491
452 5.0656417 7.5781291 5.2425740 9.0825418
453 5.0761274 7.5962949 5.2431015 9.0833309
454 5.0866141 7.6144624 5.2436264 9.0841165
455 5.0971019 7.6326314 5.2441488 9.0848987
456 5.1075907 7.6508020 5.2446686 9.0856773
457 5.1180806 7.6689741 5.2451861 9.0864525
458 5.1285715 7.6871478 5.2457010 9.0872242
459 5.1390634 7.7053230 5.2462135 9.0879925
460 5.1495563 7.7234998 5.2467236 9.0887574
461 5.1600503 7.7416780 5.2472313 9.0895190
462 5.1705453 7.7598578 5.2477366 9.0902772
463 5.1810412 7.7780391 5.2482395 9.0910321
464 5.1915382 7.7962220 5.2487400 9.0917836
465 5.2020362 7.8144063 5.2492382 9.0925319
466 5.2125352 7.8325921 5.2497341 9.0932769
467 5.2230351 7.8507794 5.2502277 9.0940187
468 5.2335361 7.8689682 5.2507189 9.0947572
469 5.2440380 7.8871584 5.2512079 9.0954926
470 5.2545409 7.9053501 5.2516947 9.0962248
471 5.2650448 7.9235433 5.2521792 9.0969538
472 5.2755496 7.9417379 5.2526614 9.0976796
473 5.2860554 7.9599340 5.2531414 9.0984024
474 5.2965622 7.9781315 5.2536193 9.0991220
475 5.3070699 7.9963305 5.2540949 9.0998386
476 5.3175786 8.0145309 5.2545684 9.1005521
477 5.3280882 8.0327327 5.2550397 9.1012625
478 5.3385987 8.0509359 5.2555089 9.1019699
479 5.3491102 8.0691406 5.2559759 9.1026744
480 5.3596226 8.0873466 5.2564408 9.1033758
481 5.3701360 8.1055541 5.2569036 9.1040743
482 5.3806502 8.1237629 5.2573644 9.1047698
483 5.3911654 8.1419732 5.2578230 9.1054624
484 5.4016815 8.1601848 5.2582796 9.1061521
485 5.4121985 8.1783978 5.2587342 9.1068389
486 5.4227165 8.1966121 5.2591867 9.1075228
487 5.4332353 8.2148279 5.2596372 9.1082038
488 5.4437550 8.2330450 5.2600857 9.1088820
489 5.4542756 8.2512634 5.2605322 9.1095574
490 5.4647971 8.2694832 5.2609768 9.1102300
491 5.4753195 8.2877043 5.2614193 9.1108998
492 5.4858428 8.3059268 5.2618599 9.1115668
493 5.4963670 8.3241506 5.2622986 9.1122311
494 5.5068920 8.3423757 5.2627353 9.1128926
495 5.5174179 8.3606021 5.2631702 9.1135514
496 5.5279447 8.3788299 5.2636031 9.1142075
497 5.5384723 8.3970590 5.2640341 9.1148609
498 5.5490008 8.4152894 5.2644633 9.1155116
499 5.5595302 8.4335210 5.2648906 9.1161597
500 5.5700604 8.4517540 5.2653160 9.1168052
501 5.5805914 8.4699882 5.2657396 9.1174480
502 5.5911234 8.4882238 5.2661613 9.1180882
503 5.6016561 8.5064606 5.2665813 9.1187258
504 5.6121897 8.5246987 5.2669994 9.1193608
505 5.6227241 8.5429380 5.2674157 9.1199933
506 5.6332593 8.5611787 5.2678303 9.1206232
507 5.6437954 8.5794205 5.2682430 9.1212506
508 5.6543323 8.5976637 5.2686541 9.1218755
509 5.6648700 8.6159080 5.2690633 9.1224979
510 5.6754086 8.6341536 5.2694708 9.1231178
511 5.6859479 8.6524005 5.2698766 9.1237352
512 5.6964881 8.6706486 5.2702807 9.1243502
513 5.7070290 8.6888979 5.2706831 9.1249627
514 5.7175708 8.7071484 5.2710837 9.1255728
515 5.7281134 8.7254002 5.2714827 9.1261804
516 5.7386567 8.7436532 5.2718800 9.1267857
517 5.7492009 8.7619073 5.2722756 9.1273886
518 5.7597458 8.7801627 5.2726696 9.1279891
519 5.7702916 8.7984193 5.2730620 9.1285873
520 5.7808381 8.8166771 5.2734527 9.1291831
521 5.7913854 8.8349360 5.2738417 9.1297765
522 5.8019334 8.8531962 5.2742292 9.1303677
523 5.8124823 8.8714575 5.2746151 9.1309565
524 5.8230319 8.8897200 5.2749993 9.1315431
525 5.8335823 8.9079837 5.2753820 9.1321274
526 5.8441334 8.9262485 5.2757631 9.1327094
527 5.8546853 8.9445145 5.2761426 9.1332892
528 5.8652380 8.9627816 5.2765206 9.1338667
529 5.8757914 8.9810500 5.2768970 9.1344420
530 5.8863456 8.9993194 5.2772719 9.1350151
531 5.8969005 9.0175900 5.2776453 9.1355860
532 5.9074562 9.0358618 5.2780171 9.1361546
533 5.9180126 9.0541346 5.2783875 9.1367212
534 5.9285697 9.0724086 5.2787563 9.1372855
535 5.9391276 9.0906838 5.2791236 9.1378477
536 5.9496862 9.1089600 5.2794895 9.1384078
537 5.9602456 9.1272374 5.2798539 9.1389657
538 5.9708056 9.1455159 5.2802168 9.1395215
539 5.9813664 9.1637955 5.2805782 9.1400752
540 5.9919279 9.1820762 5.2809382 9.1406268
541 6.0024902 9.2003580 5.2812968 9.1411764
542 6.0130531 9.2186409 5.2816540 9.1417239
543 6.0236168 9.2369249 5.2820097 9.1422693
544 6.0341812 9.2552100 5.2823640 9.1428126
545 6.0447462 9.2734961 5.2827169 9.1433540
546 6.0553120 9.2917834 5.2830684 9.1438933
547 6.0658785 9.3100717 5.2834185 9.1444306
548 6.0764457 9.3283611 5.2837672 9.1449658
549 6.0870136 9.3466516 5.2841145 9.1454992
550 6.0975822 9.3649431 5.2844605 9.1460305
551 6.1081514 9.3832357 5.2848052 9.1465598
552 6.1187214 9.4015293 5.2851484 9.1470872
553 6.1292920 9.4198240 5.2854904 9.1476127
554 6.1398633 9.4381198 5.2858310 9.1481362
555 6.1504353 9.4564166 5.2861703 9.1486578
556 6.1610080 9.4747144 5.2865082 9.1491774
557 6.1715814 9.4930133 5.2868449 9.1496952
558 6.1821554 9.5113132 5.2871802 9.1502111
559 6.1927301 9.5296141 5.2875142 9.1507251
560 6.2033055 9.5479161 5.2878470 9.1512372
561 6.2138815 9.5662191 5.2881785 9.1517474
562 6.2244582 9.5845231 5.2885087 9.1522558
563 6.2350355 9.6028281 5.2888376 9.1527624
564 6.2456135 9.6211341 5.2891653 9.1532671
565 6.2561922 9.6394412 5.2894917 9.1537700
566 6.2667715 9.6577492 5.2898169 9.1542711
567 6.2773514 9.6760583 5.2901408 9.1547703
568 6.2879320 9.6943683 5.2904635 9.1552678
569 6.2985133 9.7126793 5.2907850 9.1557635
570 6.3090952 9.7309914 5.2911053 9.1562574
571 6.3196777 9.7493044 5.2914243 9.1567496
572 6.3302609 9.7676184 5.2917422 9.1572400
573 6.3408447 9.7859333 5.2920588 9.1577286
574 6.3514291 9.8042493 5.2923743 9.1582155
575 6.3620142 9.8225662 5.2926886 9.1587007
576 6.3725999 9.8408841 5.2930017 9.1591841
577 6.3831862 9.8592029 5.2933136 9.1596659
578 6.3937731 9.8775227 5.2936244 9.1601459
579 6.4043607 9.8958435 5.2939340 9.1606243
580 6.4149489 9.9141652 5.2942424 9.1611009
581 6.4255377 9.9324879 5.2945497 9.1615759
582 6.4361271 9.9508115 5.2948559 9.1620492
583 6.4467171 9.9691361 5.2951609 9.1625209
584 6.4573077 9.9874616 5.2954648 9.1629909
585 6.4678989 10.005788 5.2957676 9.1634593
586 6.4784908 10.024115 5.2960693 9.1639260
587 6.4890832 10.042444 5.2963699 9.1643911
588 6.4996763 10.060773 5.2966693 9.1648546
589 6.5102699 10.079103 5.2969677 9.1653165
590 6.5208641 10.097434 5.2972650 9.1657768
591 6.5314589 10.115766 5.2975612 9.1662355
592 6.5420544 10.134099 5.2978563 9.1666926
593 6.5526504 10.152433 5.2981503 9.1671481
594 6.5632470 10.170768 5.2984433 9.1676021
595 6.5738441 10.189103 5.2987352 9.1680545
596 6.5844419 10.207440 5.2990261 9.1685053
597 6.5950402 10.225777 5.2993159 9.1689546
598 6.6056392 10.244116 5.2996046 9.1694024
599 6.6162387 10.262455 5.2998923 9.1698486
600 6.6268387 10.280795 5.3001790 9.1702934
601 6.6374394 10.299136 5.3004647 9.1707366
602 6.6480406 10.317478 5.3007493 9.1711783
603 6.6586424 10.335821 5.3010330 9.1716185
604 6.6692447 10.354165 5.3013156 9.1720572
605 6.6798476 10.372509 5.3015972 9.1724945
606 6.6904511 10.390855 5.3018778 9.1729302
607 6.7010552 10.409201 5.3021574 9.1733645
608 6.7116597 10.427548 5.3024360 9.1737974
609 6.7222649 10.445896 5.3027136 9.1742287
610 6.7328706 10.464245 5.3029903 9.1746587
611 6.7434769 10.482595 5.3032660 9.1750872
612 6.7540837 10.500945 5.3035407 9.1755143
613 6.7646910 10.519297 5.3038144 9.1759399
614 6.7752989 10.537649 5.3040872 9.1763641
615 6.7859074 10.556002 5.3043590 9.1767869
616 6.7965164 10.574356 5.3046299 9.1772083
617 6.8071259 10.592711 5.3048999 9.1776284
618 6.8177360 10.611067 5.3051689 9.1780470
619 6.8283466 10.629423 5.3054369 9.1784642
620 6.8389577 10.647781 5.3057040 9.1788801
621 6.8495694 10.666139 5.3059702 9.1792946
622 6.8601816 10.684498 5.3062355 9.1797077
623 6.8707943 10.702858 5.3064999 9.1801195
624 6.8814076 10.721218 5.3067633 9.1805299
625 6.8920214 10.739580 5.3070259 9.1809390
626 6.9026357 10.757942 5.3072875 9.1813468
627 6.9132505 10.776305 5.3075483 9.1817532
628 6.9238659 10.794669 5.3078081 9.1821583
629 6.9344818 10.813034 5.3080671 9.1825620
630 6.9450981 10.831399 5.3083252 9.1829645
631 6.9557151 10.849766 5.3085824 9.1833657
632 6.9663325 10.868133 5.3088387 9.1837655
633 6.9769504 10.886501 5.3090942 9.1841641
634 6.9875689 10.904869 5.3093488 9.1845614
635 6.9981878 10.923239 5.3096025 9.1849574
636 7.0088073 10.941609 5.3098554 9.1853521
637 7.0194272 10.959980 5.3101074 9.1857456
638 7.0300477 10.978352 5.3103586 9.1861378
639 7.0406687 10.996725 5.3106089 9.1865287
640 7.0512901 11.015098 5.3108584 9.1869184
641 7.0619121 11.033473 5.3111070 9.1873069
642 7.0725346 11.051848 5.3113548 9.1876941
643 7.0831575 11.070223 5.3116018 9.1880801
644 7.0937810 11.088600 5.3118480 9.1884649
645 7.1044049 11.106977 5.3120933 9.1888484
646 7.1150293 11.125355 5.3123379 9.1892307
647 7.1256543 11.143734 5.3125816 9.1896118
648 7.1362797 11.162114 5.3128245 9.1899918
649 7.1469056 11.180494 5.3130666 9.1903705
650 7.1575319 11.198875 5.3133079 9.1907480
651 7.1681588 11.217257 5.3135484 9.1911243
652 7.1787861 11.235640 5.3137881 9.1914995
653 7.1894139 11.254023 5.3140271 9.1918735
654 7.2000422 11.272407 5.3142652 9.1922463
655 7.2106710 11.290792 5.3145026 9.1926179
656 7.2213002 11.309178 5.3147391 9.1929884
657 7.2319300 11.327564 5.3149750 9.1933577
658 7.2425601 11.345951 5.3152100 9.1937259
659 7.2531908 11.364339 5.3154443 9.1940930
660 7.2638219 11.382727 5.3156778 9.1944589
661 7.2744535 11.401117 5.3159106 9.1948236
662 7.2850856 11.419507 5.3161426 9.1951873
663 7.2957181 11.437898 5.3163738 9.1955498
664 7.3063510 11.456289 5.3166043 9.1959112
665 7.3169845 11.474681 5.3168341 9.1962715
666 7.3276184 11.493074 5.3170631 9.1966307
667 7.3382527 11.511468 5.3172914 9.1969887
668 7.3488876 11.529862 5.3175189 9.1973457
669 7.3595228 11.548257 5.3177458 9.1977016
670 7.3701585 11.566653 5.3179719 9.1980564
671 7.3807947 11.585049 5.3181972 9.1984102
672 7.3914313 11.603446 5.3184219 9.1987628
673 7.4020684 11.621844 5.3186458 9.1991144
674 7.4127059 11.640243 5.3188690 9.1994649
675 7.4233439 11.658642 5.3190916 9.1998143
676 7.4339823 11.677042 5.3193134 9.2001627
677 7.4446211 11.695443 5.3195345 9.2005100
678 7.4552604 11.713844 5.3197549 9.2008563
679 7.4659001 11.732246 5.3199746 9.2012016
680 7.4765403 11.750649 5.3201936 9.2015458
681 7.4871809 11.769052 5.3204120 9.2018889
682 7.4978220 11.787457 5.3206296 9.2022311
683 7.5084634 11.805861 5.3208466 9.2025722
684 7.5191053 11.824267 5.3210628 9.2029123
685 7.5297477 11.842673 5.3212784 9.2032514
686 7.5403905 11.861080 5.3214934 9.2035894
687 7.5510337 11.879487 5.3217076 9.2039265
688 7.5616773 11.897896 5.3219212 9.2042625
689 7.5723213 11.916304 5.3221342 9.2045976
690 7.5829658 11.934714 5.3223464 9.2049317
691 7.5936107 11.953124 5.3225580 9.2052647
692 7.6042561 11.971535 5.3227690 9.2055968
693 7.6149018 11.989947 5.3229793 9.2059279
694 7.6255480 12.008359 5.3231889 9.2062581
695 7.6361946 12.026772 5.3233980 9.2065872
696 7.6468416 12.045185 5.3236063 9.2069154
697 7.6574890 12.063599 5.3238140 9.2072426
698 7.6681368 12.082014 5.3240211 9.2075689
699 7.6787851 12.100430 5.3242276 9.2078942
700 7.6894337 12.118846 5.3244334 9.2082186
701 7.7000828 12.137262 5.3246386 9.2085420
702 7.7107323 12.155680 5.3248432 9.2088644
703 7.7213822 12.174098 5.3250471 9.2091860
704 7.7320325 12.192517 5.3252504 9.2095066
705 7.7426832 12.210936 5.3254531 9.2098262
706 7.7533343 12.229356 5.3256552 9.2101450
707 7.7639858 12.247776 5.3258567 9.2104628
708 7.7746377 12.266198 5.3260576 9.2107797
709 7.7852900 12.284620 5.3262578 9.2110957
710 7.7959427 12.303042 5.3264575 9.2114107
711 7.8065959 12.321465 5.3266566 9.2117249
712 7.8172494 12.339889 5.3268550 9.2120382
713 7.8279033 12.358313 5.3270529 9.2123505
714 7.8385576 12.376738 5.3272502 9.2126620
715 7.8492123 12.395164 5.3274468 9.2129726
716 7.8598674 12.413590 5.3276429 9.2132822
717 7.8705228 12.432017 5.3278384 9.2135910
718 7.8811787 12.450445 5.3280334 9.2138990
719 7.8918350 12.468873 5.3282277 9.2142060
720 7.9024916 12.487301 5.3284215 9.2145122
721 7.9131487 12.505731 5.3286147 9.2148175
722 7.9238061 12.524161 5.3288073 9.2151219
723 7.9344639 12.542591 5.3289994 9.2154255
724 7.9451221 12.561022 5.3291908 9.2157282
725 7.9557807 12.579454 5.3293818 9.2160301
726 7.9664396 12.597887 5.3295721 9.2163311
727 7.9770989 12.616319 5.3297619 9.2166312
728 7.9877587 12.634753 5.3299512 9.2169306
729 7.9984187 12.653187 5.3301399 9.2172290
730 8.0090792 12.671622 5.3303280 9.2175267
731 8.0197401 12.690057 5.3305156 9.2178235
732 8.0304013 12.708493 5.3307026 9.2181195
733 8.0410629 12.726930 5.3308891 9.2184146
734 8.0517248 12.745367 5.3310750 9.2187089
735 8.0623872 12.763805 5.3312605 9.2190024
736 8.0730499 12.782243 5.3314453 9.2192951
737 8.0837130 12.800682 5.3316297 9.2195870
738 8.0943764 12.819121 5.3318135 9.2198781
739 8.1050402 12.837561 5.3319967 9.2201683
740 8.1157044 12.856002 5.3321795 9.2204578
741 8.1263689 12.874443 5.3323617 9.2207464
742 8.1370338 12.892885 5.3325434 9.2210343
743 8.1476991 12.911327 5.3327245 9.2213214
744 8.1583647 12.929770 5.3329052 9.2216076
745 8.1690307 12.948214 5.3330853 9.2218931
746 8.1796971 12.966658 5.3332649 9.2221778
747 8.1903638 12.985102 5.3334440 9.2224618
748 8.2010308 13.003548 5.3336226 9.2227449
749 8.2116983 13.021993 5.3338007 9.2230273
750 8.2223660 13.040440 5.3339782 9.2233089
751 8.2330342 13.058887 5.3341553 9.2235897
752 8.2437027 13.077334 5.3343319 9.2238698
753 8.2543715 13.095782 5.3345079 9.2241491
754 8.2650407 13.114231 5.3346835 9.2244277
755 8.2757102 13.132680 5.3348586 9.2247055
756 8.2863801 13.151130 5.3350331 9.2249825
757 8.2970504 13.169580 5.3352072 9.2252588
758 8.3077210 13.188031 5.3353808 9.2255344
759 8.3183919 13.206482 5.3355539 9.2258092
760 8.3290632 13.224934 5.3357265 9.2260832
761 8.3397348 13.243386 5.3358987 9.2263566
762 8.3504068 13.261839 5.3360703 9.2266291
763 8.3610791 13.280293 5.3362415 9.2269010
764 8.3717517 13.298747 5.3364122 9.2271721
765 8.3824247 13.317201 5.3365824 9.2274426
766 8.3930981 13.335657 5.3367521 9.2277122
767 8.4037717 13.354112 5.3369214 9.2279812
768 8.4144457 13.372569 5.3370902 9.2282494
769 8.4251201 13.391025 5.3372585 9.2285170
770 8.4357948 13.409483 5.3374264 9.2287838
771 8.4464698 13.427940 5.3375938 9.2290499
772 8.4571452 13.446399 5.3377607 9.2293153
773 8.4678208 13.464858 5.3379272 9.2295800
774 8.4784969 13.483317 5.3380932 9.2298440
775 8.4891732 13.501777 5.3382588 9.2301073
776 8.4998499 13.520238 5.3384239 9.2303699
777 8.5105269 13.538699 5.3385885 9.2306319
778 8.5212043 13.557160 5.3387527 9.2308931
779 8.5318819 13.575622 5.3389165 9.2311536
780 8.5425599 13.594085 5.3390798 9.2314135
781 8.5532382 13.612548 5.3392427 9.2316727
782 8.5639169 13.631011 5.3394051 9.2319312
783 8.5745959 13.649475 5.3395671 9.2321890
784 8.5852752 13.667940 5.3397286 9.2324462
785 8.5959548 13.686405 5.3398897 9.2327026
786 8.6066347 13.704871 5.3400503 9.2329584
787 8.6173150 13.723337 5.3402106 9.2332136
788 8.6279956 13.741804 5.3403704 9.2334681
789 8.6386765 13.760271 5.3405297 9.2337219
790 8.6493577 13.778739 5.3406886 9.2339751
791 8.6600392 13.797207 5.3408471 9.2342276
792 8.6707211 13.815676 5.3410052 9.2344794
793 8.6814032 13.834145 5.3411629 9.2347306
794 8.6920857 13.852615 5.3413201 9.2349812
795 8.7027685 13.871085 5.3414769 9.2352311
796 8.7134516 13.889555 5.3416333 9.2354804
797 8.7241350 13.908027 5.3417892 9.2357290
798 8.7348188 13.926498 5.3419448 9.2359770
799 8.7455028 13.944971 5.3420999 9.2362243
800 8.7561872 13.963443 5.3422546 9.2364711
801 8.7668718 13.981916 5.3424090 9.2367172
802 8.7775568 14.000390 5.3425629 9.2369626
803 8.7882421 14.018864 5.3427164 9.2372075
804 8.7989277 14.037339 5.3428694 9.2374517
805 8.8096136 14.055814 5.3430221 9.2376953
806 8.8202998 14.074290 5.3431744 9.2379382
807 8.8309863 14.092766 5.3433263 9.2381806
808 8.8416731 14.111242 5.3434778 9.2384223
809 8.8523602 14.129720 5.3436288 9.2386635
810 8.8630476 14.148197 5.3437795 9.2389040
811 8.8737353 14.166675 5.3439298 9.2391439
812 8.8844233 14.185154 5.3440797 9.2393832
813 8.8951116 14.203633 5.3442292 9.2396219
814 8.9058002 14.222112 5.3443783 9.2398600
815 8.9164891 14.240592 5.3445270 9.2400975
816 8.9271783 14.259073 5.3446753 9.2403344
817 8.9378678 14.277553 5.3448233 9.2405708
818 8.9485576 14.296035 5.3449708 9.2408065
819 8.9592477 14.314517 5.3451180 9.2410416
820 8.9699381 14.332999 5.3452648 9.2412762
821 8.9806288 14.351482 5.3454112 9.2415101
822 8.9913197 14.369965 5.3455573 9.2417435
823 9.0020110 14.388449 5.3457029 9.2419763
824 9.0127026 14.406933 5.3458482 9.2422085
825 9.0233944 14.425418 5.3459931 9.2424402
826 9.0340865 14.443903 5.3461376 9.2426713
827 9.0447789 14.462388 5.3462818 9.2429018
828 9.0554717 14.480874 5.3464256 9.2431317
829 9.0661646 14.499361 5.3465690 9.2433611
830 9.0768579 14.517848 5.3467121 9.2435898
831 9.0875515 14.536335 5.3468548 9.2438181
832 9.0982453 14.554823 5.3469971 9.2440457
833 9.1089395 14.573311 5.3471390 9.2442729
834 9.1196339 14.591800 5.3472806 9.2444994
835 9.1303286 14.610289 5.3474219 9.2447254
836 9.1410236 14.628779 5.3475628 9.2449509
837 9.1517189 14.647269 5.3477033 9.2451757
838 9.1624144 14.665760 5.3478434 9.2454001
839 9.1731102 14.684251 5.3479833 9.2456239
840 9.1838063 14.702742 5.3481227 9.2458471
841 9.1945027 14.721234 5.3482618 9.2460698
842 9.2051994 14.739727 5.3484006 9.2462920
843 9.2158963 14.758219 5.3485390 9.2465136
844 9.2265935 14.776713 5.3486770 9.2467347
845 9.2372910 14.795206 5.3488147 9.2469553
846 9.2479888 14.813700 5.3489521 9.2471753
847 9.2586868 14.832195 5.3490891 9.2473948
848 9.2693852 14.850690 5.3492258 9.2476137
849 9.2800837 14.869185 5.3493621 9.2478322
850 9.2907826 14.887681 5.3494981 9.2480501
851 9.3014817 14.906178 5.3496337 9.2482674
852 9.3121811 14.924674 5.3497690 9.2484843
853 9.3228808 14.943172 5.3499040 9.2487006
854 9.3335808 14.961669 5.3500387 9.2489164
855 9.3442810 14.980167 5.3501730 9.2491317
856 9.3549814 14.998666 5.3503069 9.2493465
857 9.3656822 15.017165 5.3504406 9.2495608
858 9.3763832 15.035664 5.3505739 9.2497745
859 9.3870845 15.054164 5.3507069 9.2499878
860 9.3977860 15.072664 5.3508395 9.2502005
861 9.4084878 15.091164 5.3509718 9.2504128
862 9.4191899 15.109666 5.3511038 9.2506245
863 9.4298923 15.128167 5.3512355 9.2508357
864 9.4405949 15.146669 5.3513669 9.2510465
865 9.4512977 15.165171 5.3514979 9.2512567
866 9.4620009 15.183674 5.3516286 9.2514664
867 9.4727042 15.202177 5.3517590 9.2516757
868 9.4834079 15.220681 5.3518890 9.2518844
869 9.4941118 15.239185 5.3520188 9.2520927
870 9.5048160 15.257689 5.3521482 9.2523004
871 9.5155204 15.276194 5.3522773 9.2525077
872 9.5262251 15.294699 5.3524061 9.2527145
873 9.5369300 15.313205 5.3525346 9.2529208
874 9.5476352 15.331711 5.3526628 9.2531266
875 9.5583407 15.350217 5.3527907 9.2533319
876 9.5690464 15.368724 5.3529182 9.2535368
877 9.5797523 15.387231 5.3530455 9.2537412
878 9.5904586 15.405739 5.3531724 9.2539451
879 9.6011650 15.424247 5.3532990 9.2541485
880 9.6118718 15.442756 5.3534254 9.2543514
881 9.6225787 15.461264 5.3535514 9.2545539
882 9.6332860 15.479774 5.3536771 9.2547559
883 9.6439934 15.498283 5.3538025 9.2549575
884 9.6547012 15.516794 5.3539276 9.2551586
885 9.6654092 15.535304 5.3540525 9.2553592
886 9.6761174 15.553815 5.3541770 9.2555593
887 9.6868259 15.572326 5.3543012 9.2557590
888 9.6975346 15.590838 5.3544251 9.2559582
889 9.7082436 15.609350 5.3545487 9.2561570
890 9.7189528 15.627863 5.3546721 9.2563553
891 9.7296622 15.646376 5.3547951 9.2565531
892 9.7403720 15.664889 5.3549179 9.2567505
893 9.7510819 15.683403 5.3550403 9.2569475
894 9.7617921 15.701917 5.3551625 9.2571440
895 9.7725026 15.720431 5.3552844 9.2573400
896 9.7832133 15.738946 5.3554059 9.2575356
897 9.7939242 15.757461 5.3555272 9.2577308
898 9.8046354 15.775977 5.3556483 9.2579255
899 9.8153468 15.794493 5.3557690 9.2581198
900 9.8260584 15.813009 5.3558894 9.2583136
901 9.8367703 15.831526 5.3560096 9.2585070
902 9.8474825 15.850044 5.3561295 9.2586999
903 9.8581949 15.868561 5.3562491 9.2588924
904 9.8689075 15.887079 5.3563684 9.2590845
905 9.8796203 15.905597 5.3564874 9.2592761
906 9.8903334 15.924116 5.3566062 9.2594673
907 9.9010468 15.942635 5.3567246 9.2596581
908 9.9117603 15.961155 5.3568429 9.2598484
909 9.9224741 15.979675 5.3569608 9.2600383
910 9.9331882 15.998195 5.3570784 9.2602278
911 9.9439024 16.016716 5.3571958 9.2604169
912 9.9546170 16.035237 5.3573129 9.2606055
913 9.9653317 16.053758 5.3574298 9.2607937
914 9.9760467 16.072280 5.3575463 9.2609815
915 9.9867619 16.090802 5.3576626 9.2611689
916 9.9974773 16.109324 5.3577786 9.2613558
917 10.008193 16.127847 5.3578944 9.2615423
918 10.018909 16.146371 5.3580099 9.2617284
919 10.029625 16.164894 5.3581251 9.2619141
920 10.040341 16.183418 5.3582401 9.2620994
921 10.051058 16.201943 5.3583548 9.2622843
922 10.061775 16.220467 5.3584692 9.2624688
923 10.072492 16.238993 5.3585834 9.2626528
924 10.083209 16.257518 5.3586973 9.2628365
925 10.093927 16.276044 5.3588109 9.2630197
926 10.104644 16.294570 5.3589243 9.2632026
927 10.115362 16.313097 5.3590374 9.2633850
928 10.126081 16.331624 5.3591503 9.2635670
929 10.136799 16.350151 5.3592629 9.2637486
930 10.147518 16.368679 5.3593753 9.2639299
931 10.158236 16.387207 5.3594874 9.2641107
932 10.168956 16.405735 5.3595992 9.2642911
933 10.179675 16.424264 5.3597108 9.2644712
934 10.190394 16.442793 5.3598221 9.2646508
935 10.201114 16.461322 5.3599332 9.2648301
936 10.211834 16.479852 5.3600440 9.2650089
937 10.222554 16.498383 5.3601546 9.2651874
938 10.233275 16.516913 5.3602650 9.2653655
939 10.243995 16.535444 5.3603750 9.2655432
940 10.254716 16.553975 5.3604849 9.2657205
941 10.265437 16.572507 5.3605945 9.2658974
942 10.276159 16.591039 5.3607038 9.2660739
943 10.286880 16.609571 5.3608129 9.2662501
944 10.297602 16.628104 5.3609218 9.2664258
945 10.308324 16.646637 5.3610304 9.2666012
946 10.319046 16.665170 5.3611388 9.2667762
947 10.329768 16.683704 5.3612469 9.2669508
948 10.340491 16.702238 5.3613548 9.2671251
949 10.351214 16.720772 5.3614624 9.2672990
950 10.361937 16.739307 5.3615698 9.2674725
951 10.372660 16.757842 5.3616770 9.2676456
952 10.383384 16.776378 5.3617839 9.2678183
953 10.394107 16.794914 5.3618906 9.2679907
954 10.404831 16.813450 5.3619970 9.2681627
955 10.415555 16.831986 5.3621033 9.2683344
956 10.426280 16.850523 5.3622092 9.2685057
957 10.437004 16.869060 5.3623150 9.2686766
958 10.447729 16.887598 5.3624205 9.2688471
959 10.458454 16.906136 5.3625258 9.2690173
960 10.469179 16.924674 5.3626308 9.2691871
961 10.479904 16.943212 5.3627356 9.2693566
962 10.490630 16.961751 5.3628402 9.2695257
963 10.501356 16.980291 5.3629446 9.2696944
964 10.512082 16.998830 5.3630487 9.2698628
965 10.522808 17.017370 5.3631526 9.2700308
966 10.533534 17.035910 5.3632563 9.2701985
967 10.544261 17.054451 5.3633597 9.2703658
968 10.554988 17.072992 5.3634630 9.2705327
969 10.565715 17.091533 5.3635660 9.2706993
970 10.576442 17.110074 5.3636687 9.2708656
971 10.587169 17.128616 5.3637713 9.2710315
972 10.597897 17.147159 5.3638736 9.2711970
973 10.608625 17.165701 5.3639757 9.2713623
974 10.619353 17.184244 5.3640776 9.2715271
975 10.630081 17.202787 5.3641792 9.2716916
976 10.640810 17.221331 5.3642807 9.2718558
977 10.651538 17.239875 5.3643819 9.2720196
978 10.662267 17.258419 5.3644829 9.2721831
979 10.672996 17.276963 5.3645837 9.2723462
980 10.683725 17.295508 5.3646842 9.2725090
981 10.694455 17.314053 5.3647846 9.2726715
982 10.705185 17.332599 5.3648847 9.2728336
983 10.715914 17.351145 5.3649846 9.2729954
984 10.726645 17.369691 5.3650843 9.2731568
985 10.737375 17.388237 5.3651838 9.2733179
986 10.748105 17.406784 5.3652831 9.2734787
987 10.758836 17.425331 5.3653822 9.2736391
988 10.769567 17.443879 5.3654810 9.2737992
989 10.780298 17.462427 5.3655797 9.2739590
990 10.791029 17.480975 5.3656781 9.2741185
991 10.801761 17.499523 5.3657763 9.2742776
992 10.812492 17.518072 5.3658743 9.2744364
993 10.823224 17.536621 5.3659721 9.2745948
994 10.833956 17.555170 5.3660697 9.2747530
995 10.844688 17.573720 5.3661671 9.2749108
996 10.855421 17.592270 5.3662643 9.2750683
997 10.866153 17.610820 5.3663613 9.2752254
998 10.876886 17.629371 5.3664580 9.2753823
