Time, X-pos, Y-pos
2 0.362543 0.923215
4 29.6669 75.642
6 58.9799 150.383
8 88.2952 225.13
10 117.611 299.879
12 146.928 374.63
14 176.245 449.381
16 205.563 524.134
18 234.88 598.886
20 264.198 673.639
22 293.516 748.393
24 322.834 823.146
26 352.152 897.9
28 381.47 972.654
30 410.788 1047.41
32 440.106 1122.16
34 469.424 1196.92
36 498.743 1271.67
38 528.061 1346.42
40 557.379 1421.18
42 586.698 1495.93
44 616.016 1570.69
46 645.334 1645.44
48 674.653 1720.2
50 703.971 1794.95
52 733.289 1869.71
54 762.608 1944.46
56 791.926 2019.22
58 821.245 2093.97
60 850.563 2168.73
62 879.882 2243.48
64 909.2 2318.24
66 938.519 2392.99
68 967.837 2467.75
70 997.156 2542.5
72 1026.47 2617.26
74 1055.79 2692.01
76 1085.11 2766.77
78 1114.43 2841.52
80 1143.75 2916.28
82 1173.07 2991.03
84 1202.39 3065.79
86 1231.7 3140.54
88 1261.02 3215.3
90 1290.34 3290.05
92 1319.66 3364.81
94 1348.98 3439.56
96 1378.3 3514.32
98 1407.62 3589.07
100 1436.93 3663.83
102 1466.25 3738.58
104 1495.57 3813.34
106 1524.89 3888.09
108 1554.21 3962.85
110 1583.53 4037.6
112 1612.85 4112.36
114 1642.16 4187.12
116 1671.48 4261.87
118 1700.8 4336.63
120 1730.12 4411.38
122 1759.44 4486.14
124 1788.76 4560.89
126 1818.08 4635.65
128 1847.39 4710.4
130 1876.71 4785.16
132 1906.03 4859.91
134 1935.35 4934.67
136 1964.67 5009.42
138 1993.99 5084.18
140 2023.31 5158.93
142 2052.63 5233.69
144 2081.94 5308.45
146 2111.26 5383.2
148 2140.58 5457.96
150 2169.9 5532.71
152 2199.22 5607.47
154 2228.54 5682.22
156 2257.86 5756.98
158 2287.17 5831.73
160 2316.49 5906.49
162 2345.81 5981.24
164 2375.13 6056
166 2404.45 6130.75
168 2433.77 6205.51
170 2463.09 6280.27
172 2492.41 6355.02
174 2521.72 6429.78
176 2551.04 6504.53
178 2580.36 6579.29
180 2609.68 6654.04
182 2639 6728.8
184 2668.32 6803.55
186 2697.64 6878.31
188 2726.95 6953.06
190 2756.27 7027.82
192 2785.59 7102.58
194 2814.91 7177.33
196 2844.23 7252.09
198 2873.55 7326.84
200 2902.87 7401.6
202 2932.19 7476.35
204 2961.5 7551.11
206 2990.82 7625.86
208 3020.14 7700.62
210 3049.46 7775.37
212 3078.78 7850.13
214 3108.1 7924.89
216 3137.42 7999.64
218 3166.73 8074.4
220 3196.05 8149.15
222 3225.37 8223.91
224 3254.69 8298.66
226 3284.01 8373.42
228 3313.33 8448.17
230 3342.65 8522.93
232 3371.97 8597.69
234 3401.28 8672.44
236 3430.6 8747.2
238 3459.92 8821.95
240 3489.24 8896.71
242 3518.56 8971.46
244 3547.88 9046.22
246 3577.2 9120.97
248 3606.52 9195.73
250 3635.83 9270.48
252 3665.15 9345.24
254 3694.47 9420
256 3723.79 9494.75
258 3753.11 9569.51
260 3782.43 9644.26
262 3811.75 9719.02
264 3841.06 9793.77
266 3870.38 9868.53
268 3899.7 9943.28
270 3929.02 10018
272 3958.34 10092.8
274 3987.66 10167.6
276 4016.98 10242.3
278 4046.3 10317.1
280 4075.61 10391.8
282 4104.93 10466.6
284 4134.25 10541.3
286 4163.57 10616.1
288 4192.89 10690.8
290 4222.21 10765.6
292 4251.53 10840.4
294 4280.85 10915.1
296 4310.16 10989.9
298 4339.48 11064.6
300 4368.8 11139.4
302 4398.12 11214.1
304 4427.44 11288.9
306 4456.76 11363.6
308 4486.08 11438.4
310 4515.4 11513.2
312 4544.71 11587.9
314 4574.03 11662.7
316 4603.35 11737.4
318 4632.67 11812.2
320 4661.99 11886.9
322 4691.31 11961.7
324 4720.63 12036.4
326 4749.95 12111.2
328 4779.26 12186
330 4808.58 12260.7
332 4837.9 12335.5
334 4867.22 12410.2
336 4896.54 12485
338 4925.86 12559.7
340 4955.18 12634.5
342 4984.49 12709.2
344 5013.81 12784
346 5043.13 12858.8
348 5072.45 12933.5
350 5101.77 13008.3
352 5131.09 13083
354 5160.41 13157.8
356 5189.73 13232.5
358 5219.04 13307.3
360 5248.36 13382
362 5277.68 13456.8
364 5307 13531.6
366 5336.32 13606.3
368 5365.64 13681.1
370 5394.96 13755.8
372 5424.28 13830.6
374 5453.59 13905.3
376 5482.91 13980.1
378 5512.23 14054.8
380 5541.55 14129.6
382 5570.87 14204.4
384 5600.19 14279.1
386 5629.51 14353.9
388 5658.83 14428.6
390 5688.14 14503.4
392 5717.46 14578.1
394 5746.78 14652.9
396 5776.1 14727.6
398 5805.42 14802.4
400 5834.74 14877.2
402 5864.06 14951.9
404 5893.38 15026.7
406 5922.69 15101.4
408 5952.01 15176.2
410 5981.33 15250.9
412 6010.65 15325.7
414 6039.97 15400.4
416 6069.29 15475.2
418 6098.61 15550
420 6127.93 15624.7
422 6157.24 15699.5
424 6186.56 15774.2
426 6215.88 15849
428 6245.2 15923.7
430 6274.52 15998.5
432 6303.84 16073.2
434 6333.16 16148
436 6362.48 16222.8
438 6391.79 16297.5
440 6421.11 16372.3
442 6450.43 16447
444 6479.75 16521.8
446 6509.07 16596.5
448 6538.39 16671.3
450 6567.71 16746
452 6597.03 16820.8
454 6626.34 16895.6
456 6655.66 16970.3
458 6684.98 17045.1
460 6714.3 17119.8
462 6743.62 17194.6
464 6772.94 17269.3
466 6802.26 17344.1
468 6831.57 17418.8
470 6860.89 17493.6
472 6890.21 17568.4
474 6919.53 17643.1
476 6948.85 17717.9
478 6978.17 17792.6
480 7007.49 17867.4
482 7036.81 17942.1
484 7066.12 18016.9
486 7095.44 18091.6
488 7124.76 18166.4
490 7154.08 18241.2
492 7183.4 18315.9
494 7212.72 18390.7
496 7242.04 18465.4
498 7271.36 18540.2
500 7300.67 18614.9
502 7329.99 18689.7
504 7359.31 18764.4
506 7388.63 18839.2
508 7417.95 18914
510 7447.27 18988.7
512 7476.59 19063.5
514 7505.91 19138.2
516 7535.22 19213
518 7564.54 19287.7
520 7593.86 19362.5
522 7623.18 19437.2
524 7652.5 19512
526 7681.82 19586.8
528 7711.14 19661.5
530 7740.46 19736.3
532 7769.77 19811
534 7799.09 19885.8
536 7828.41 19960.5
538 7857.73 20035.3
540 7887.05 20110
542 7916.37 20184.8
544 7945.69 20259.6
546 7975.01 20334.3
548 8004.32 20409.1
550 8033.64 20483.8
552 8062.96 20558.6
554 8092.28 20633.3
556 8121.6 20708.1
558 8150.92 20782.8
560 8180.24 20857.6
562 8209.56 20932.4
564 8238.87 21007.1
566 8268.19 21081.9
568 8297.51 21156.6
570 8326.83 21231.4
572 8356.15 21306.1
574 8385.47 21380.9
576 8414.79 21455.6
578 8444.11 21530.4
580 8473.42 21605.2
582 8502.74 21679.9
584 8532.06 21754.7
586 8561.38 21829.4
588 8590.7 21904.2
590 8620.02 21978.9
592 8649.34 22053.7
594 8678.66 22128.4
596 8707.97 22203.2
598 8737.29 22278
600 8766.61 22352.7
602 8795.93 22427.5
604 8825.25 22502.2
606 8854.57 22577
608 8883.89 22651.7
610 8913.21 22726.5
612 8942.52 22801.2
614 8971.84 22876
616 9001.16 22950.8
618 9030.48 23025.5
620 9059.8 23100.3
622 9089.12 23175
624 9118.44 23249.8
626 9147.76 23324.5
628 9177.07 23399.3
630 9206.39 23474
632 9235.71 23548.8
634 9265.03 23623.6
636 9294.35 23698.3
638 9323.67 23773.1
640 9352.99 23847.8
642 9382.31 23922.6
644 9411.62 23997.3
646 9440.94 24072.1
648 9470.26 24146.8
650 9499.58 24221.6
652 9528.9 24296.4
654 9558.22 24371.1
656 9587.54 24445.9
658 9616.86 24520.6
660 9646.17 24595.4
662 9675.49 24670.1
664 9704.81 24744.9
666 9734.13 24819.6
668 9763.45 24894.4
670 9792.77 24969.2
672 9822.09 25043.9
674 9851.41 25118.7
676 9880.72 25193.4
678 9910.04 25268.2
680 9939.36 25342.9
682 9968.68 25417.7
684 9998 25492.4
686 10027.3 25567.2
688 10056.6 25642
690 10086 25716.7
692 10115.3 25791.5
694 10144.6 25866.2
696 10173.9 25941
698 10203.2 26015.7
700 10232.5 26090.5
702 10261.9 26165.2
704 10291.2 26240
706 10320.5 26314.8
708 10349.8 26389.5
710 10379.1 26464.3
712 10408.5 26539
714 10437.8 26613.8
716 10467.1 26688.5
718 10496.4 26763.3
720 10525.7 26838
722 10555.1 26912.8
724 10584.4 26987.6
726 10613.7 27062.3
728 10643 27137.1
730 10672.3 27211.8
732 10701.6 27286.6
734 10731 27361.3
736 10760.3 27436.1
738 10789.6 27510.9
740 10818.9 27585.6
742 10848.2 27660.4
744 10877.6 27735.1
746 10906.9 27809.9
748 10936.2 27884.6
750 10965.5 27959.4
752 10994.8 28034.1
754 11024.2 28108.9
756 11053.5 28183.7
758 11082.8 28258.4
760 11112.1 28333.2
762 11141.4 28407.9
764 11170.7 28482.7
766 11200.1 28557.4
768 11229.4 28632.2
770 11258.7 28706.9
772 11288 28781.7
774 11317.3 28856.5
776 11346.7 28931.2
778 11376 29006
780 11405.3 29080.7
782 11434.6 29155.5
784 11463.9 29230.2
786 11493.3 29305
788 11522.6 29379.7
790 11551.9 29454.5
792 11581.2 29529.3
794 11610.5 29604
796 11639.8 29678.8
798 11669.2 29753.5
800 11698.5 29828.3
802 11727.8 29903
804 11757.1 29977.8
806 11786.4 30052.5
808 11815.8 30127.3
810 11845.1 30202.1
812 11874.4 30276.8
814 11903.7 30351.6
816 11933 30426.3
818 11962.4 30501.1
820 11991.7 30575.8
822 12021 30650.6
824 12050.3 30725.3
826 12079.6 30800.1
828 12108.9 30874.9
830 12138.3 30949.6
832 12167.6 31024.4
834 12196.9 31099.1
836 12226.2 31173.9
838 12255.5 31248.6
840 12284.9 31323.4
842 12314.2 31398.1
844 12343.5 31472.9
846 12372.8 31547.7
848 12402.1 31622.4
850 12431.5 31697.2
852 12460.8 31771.9
854 12490.1 31846.7
856 12519.4 31921.4
858 12548.7 31996.2
860 12578 32070.9
862 12607.4 32145.7
864 12636.7 32220.5
866 12666 32295.2
868 12695.3 32370
870 12724.6 32444.7
872 12754 32519.5
874 12783.3 32594.2
876 12812.6 32669
878 12841.9 32743.7
880 12871.2 32818.5
882 12900.6 32893.3
884 12929.9 32968
886 12959.2 33042.8
888 12988.5 33117.5
890 13017.8 33192.3
892 13047.1 33267
894 13076.5 33341.8
896 13105.8 33416.5
898 13135.1 33491.3
900 13164.4 33566.1
902 13193.7 33640.8
904 13223.1 33715.6
906 13252.4 33790.3
908 13281.7 33865.1
910 13311 33939.8
912 13340.3 34014.6
914 13369.7 34089.3
916 13399 34164.1
918 13428.3 34238.9
920 13457.6 34313.6
922 13486.9 34388.4
924 13516.2 34463.1
926 13545.6 34537.9
928 13574.9 34612.6
930 13604.2 34687.4
932 13633.5 34762.1
934 13662.8 34836.9
936 13692.2 34911.7
938 13721.5 34986.4
940 13750.8 35061.2
942 13780.1 35135.9
944 13809.4 35210.7
946 13838.8 35285.4
948 13868.1 35360.2
950 13897.4 35434.9
952 13926.7 35509.7
954 13956 35584.5
956 13985.4 35659.2
958 14014.7 35734
960 14044 35808.7
962 14073.3 35883.5
964 14102.6 35958.2
966 14131.9 36033
968 14161.3 36107.7
970 14190.6 36182.5
972 14219.9 36257.3
974 14249.2 36332
976 14278.5 36406.8
978 14307.9 36481.5
980 14337.2 36556.3
982 14366.5 36631
984 14395.8 36705.8
986 14425.1 36780.6
988 14454.5 36855.3
990 14483.8 36930.1
992 14513.1 37004.8
994 14542.4 37079.6
996 14571.7 37154.3
998 14601 37229.1
1000 14630.4 37303.8
