0.341507	-5.21761	0.0139988	
0.368682	-5.21464	0.0133786	
0.395857	-5.21167	0.0127583	
0.423032	-5.2087	0.0121381	
0.450208	-5.20573	0.0115178	
0.477383	-5.20276	0.0108976	
0.504558	-5.19979	0.0102773	
0.531734	-5.19682	0.00965708	
0.558909	-5.19385	0.00903683	
0.586084	-5.19088	0.00841658	
0.61326	-5.18791	0.00779633	
0.640435	-5.18494	0.00717607	
0.66761	-5.18197	0.00655582	
0.694786	-5.179	0.00593557	
0.721961	-5.17603	0.00531532	
0.749137	-5.17306	0.00469507	
0.776312	-5.17009	0.00407482	
0.803488	-5.16712	0.00345457	
0.830664	-5.16415	0.00283431	
0.857839	-5.16118	0.00221406	
0.885015	-5.15821	0.00159381	
0.91219	-5.15524	0.000973559	
0.939366	-5.15227	0.000353307	
0.966542	-5.1493	-0.000266945	
0.993718	-5.14633	-0.000887197	
1.02089	-5.14336	-0.00150745	
1.04807	-5.14039	-0.0021277	
1.07525	-5.13742	-0.00274795	
1.10242	-5.13445	-0.0033682	
1.1296	-5.13148	-0.00398846	
1.15677	-5.12851	-0.00460871	
1.18395	-5.12554	-0.00522896	
1.21112	-5.12257	-0.00584921	
1.2383	-5.1196	-0.00646946	
1.26548	-5.11663	-0.00708972	
1.29265	-5.11367	-0.00770997	
1.31983	-5.1107	-0.00833022	
1.347	-5.10773	-0.00895047	
1.37418	-5.10476	-0.00957073	
1.40136	-5.10179	-0.010191	
1.42853	-5.09882	-0.0108112	
1.45571	-5.09585	-0.0114315	
1.48289	-5.09288	-0.0120517	
1.51006	-5.08991	-0.012672	
1.53724	-5.08694	-0.0132922	
1.56441	-5.08398	-0.0139125	
1.59159	-5.08101	-0.0145327	
1.61877	-5.07804	-0.015153	
1.64594	-5.07507	-0.0157733	
1.67312	-5.0721	-0.0163935	
1.7003	-5.06913	-0.0170138	
1.72747	-5.06616	-0.017634	
1.75465	-5.06319	-0.0182543	
1.78183	-5.06023	-0.0188745	
1.809	-5.05726	-0.0194948	
1.83618	-5.05429	-0.020115	
1.86336	-5.05132	-0.0207353	
1.89053	-5.04835	-0.0213555	
1.91771	-5.04538	-0.0219758	
1.94489	-5.04242	-0.022596	
1.97206	-5.03945	-0.0232163	
1.99924	-5.03648	-0.0238366	
2.02642	-5.03351	-0.0244568	
2.05359	-5.03054	-0.0250771	
2.08077	-5.02757	-0.0256973	
2.10795	-5.02461	-0.0263176	
2.13512	-5.02164	-0.0269378	
2.1623	-5.01867	-0.0275581	
2.18948	-5.0157	-0.0281783	
2.21665	-5.01273	-0.0287986	
2.24383	-5.00977	-0.0294188	
2.27101	-5.0068	-0.0300391	
2.29819	-5.00383	-0.0306594	
2.32536	-5.00086	-0.0312796	
2.35254	-4.9979	-0.0318999	
2.37972	-4.99493	-0.0325201	
2.40689	-4.99196	-0.0331404	
2.43407	-4.98899	-0.0337606	
2.46125	-4.98603	-0.0343809	
2.48843	-4.98306	-0.0350012	
2.5156	-4.98009	-0.0356214	
2.54278	-4.97712	-0.0362417	
2.56996	-4.97416	-0.0368619	
2.59714	-4.97119	-0.0374822	
2.62431	-4.96822	-0.0381024	
2.65149	-4.96525	-0.0387227	
2.67867	-4.96229	-0.039343	
2.70585	-4.95932	-0.0399632	
2.73302	-4.95635	-0.0405835	
2.7602	-4.95339	-0.0412037	
2.78738	-4.95042	-0.041824	
2.81456	-4.94745	-0.0424443	
2.84173	-4.94448	-0.0430645	
2.86891	-4.94152	-0.0436848	
2.89609	-4.93855	-0.044305	
2.92327	-4.93558	-0.0449253	
2.95044	-4.93262	-0.0455456	
2.97762	-4.92965	-0.0461658	
3.0048	-4.92668	-0.0467861	
3.03198	-4.92372	-0.0474063	
3.05916	-4.92075	-0.0480266	
3.08633	-4.91778	-0.0486469	
3.11351	-4.91482	-0.0492671	
3.14069	-4.91185	-0.0498874	
3.16787	-4.90889	-0.0505077	
3.19505	-4.90592	-0.0511279	
3.22222	-4.90295	-0.0517482	
3.2494	-4.89999	-0.0523684	
3.27658	-4.89702	-0.0529887	
3.30376	-4.89405	-0.053609	
3.33094	-4.89109	-0.0542292	
3.35811	-4.88812	-0.0548495	
3.38529	-4.88516	-0.0554698	
3.41247	-4.88219	-0.05609	
3.43965	-4.87922	-0.0567103	
3.46683	-4.87626	-0.0573306	
3.49401	-4.87329	-0.0579508	
3.52119	-4.87033	-0.0585711	
3.54836	-4.86736	-0.0591914	
3.57554	-4.8644	-0.0598116	
3.60272	-4.86143	-0.0604319	
3.6299	-4.85846	-0.0610522	
3.65708	-4.8555	-0.0616724	
3.68426	-4.85253	-0.0622927	
3.71144	-4.84957	-0.062913	
3.73861	-4.8466	-0.0635332	
3.76579	-4.84364	-0.0641535	
3.79297	-4.84067	-0.0647738	
3.82015	-4.83771	-0.065394	
3.84733	-4.83474	-0.0660143	
3.87451	-4.83178	-0.0666346	
3.90169	-4.82881	-0.0672549	
3.92887	-4.82585	-0.0678751	
3.95605	-4.82288	-0.0684954	
3.98322	-4.81992	-0.0691157	
4.0104	-4.81695	-0.069736	
4.03758	-4.81399	-0.0703562	
4.06476	-4.81102	-0.0709765	
4.09194	-4.80806	-0.0715968	
4.11912	-4.80509	-0.0722171	
4.1463	-4.80213	-0.0728373	
4.17348	-4.79917	-0.0734576	
4.20066	-4.7962	-0.0740779	
4.22784	-4.79324	-0.0746982	
4.25502	-4.79027	-0.0753184	
4.2822	-4.78731	-0.0759387	
4.30938	-4.78434	-0.076559	
4.33655	-4.78138	-0.0771793	
4.36373	-4.77842	-0.0777996	
4.39091	-4.77545	-0.0784198	
4.41809	-4.77249	-0.0790401	
4.44527	-4.76952	-0.0796604	
4.47245	-4.76656	-0.0802807	
4.49963	-4.7636	-0.080901	
4.52681	-4.76063	-0.0815212	
4.55399	-4.75767	-0.0821415	
4.58117	-4.75471	-0.0827618	
4.60835	-4.75174	-0.0833821	
4.63553	-4.74878	-0.0840024	
4.66271	-4.74582	-0.0846227	
4.68989	-4.74285	-0.085243	
4.71707	-4.73989	-0.0858632	
4.74425	-4.73693	-0.0864835	
4.77143	-4.73396	-0.0871038	
4.79861	-4.731	-0.0877241	
4.82579	-4.72804	-0.0883444	
4.85297	-4.72507	-0.0889647	
4.88015	-4.72211	-0.089585	
4.90733	-4.71915	-0.0902053	
4.93451	-4.71619	-0.0908256	
4.96169	-4.71322	-0.0914459	
4.98887	-4.71026	-0.0920661	
5.01605	-4.7073	-0.0926864	
5.04323	-4.70434	-0.0933067	
5.07041	-4.70137	-0.093927	
5.09759	-4.69841	-0.0945473	
5.12477	-4.69545	-0.0951676	
5.15195	-4.69249	-0.0957879	
5.17914	-4.68952	-0.0964082	
5.20632	-4.68656	-0.0970285	
5.2335	-4.6836	-0.0976488	
5.26068	-4.68064	-0.0982691	
5.28786	-4.67768	-0.0988894	
5.31504	-4.67472	-0.0995097	
5.34222	-4.67175	-0.10013	
5.3694	-4.66879	-0.10075	
5.39658	-4.66583	-0.101371	
5.42376	-4.66287	-0.101991	
5.45094	-4.65991	-0.102611	
5.47812	-4.65695	-0.103232	
5.5053	-4.65399	-0.103852	
5.53249	-4.65102	-0.104472	
5.55967	-4.64806	-0.105092	
5.58685	-4.6451	-0.105713	
5.61403	-4.64214	-0.106333	
5.64121	-4.63918	-0.106953	
5.66839	-4.63622	-0.107574	
5.69557	-4.63326	-0.108194	
5.72275	-4.6303	-0.108814	
5.74993	-4.62734	-0.109435	
5.77712	-4.62438	-0.110055	
5.8043	-4.62142	-0.110675	
5.83148	-4.61846	-0.111296	
5.85866	-4.6155	-0.111916	
5.88584	-4.61254	-0.112536	
5.91302	-4.60958	-0.113157	
5.9402	-4.60662	-0.113777	
5.96739	-4.60366	-0.114397	
5.99457	-4.6007	-0.115018	
6.02175	-4.59774	-0.115638	
6.04893	-4.59478	-0.116258	
6.07611	-4.59182	-0.116879	
6.10329	-4.58886	-0.117499	
6.13048	-4.5859	-0.118119	
6.15766	-4.58294	-0.11874	
6.18484	-4.57998	-0.11936	
6.21202	-4.57702	-0.11998	
6.2392	-4.57406	-0.120601	
6.26639	-4.5711	-0.121221	
6.29357	-4.56814	-0.121841	
6.32075	-4.56518	-0.122462	
6.34793	-4.56223	-0.123082	
6.37511	-4.55927	-0.123702	
6.4023	-4.55631	-0.124323	
6.42948	-4.55335	-0.124943	
6.45666	-4.55039	-0.125563	
6.48384	-4.54743	-0.126184	
6.51103	-4.54448	-0.126804	
6.53821	-4.54152	-0.127424	
6.56539	-4.53856	-0.128045	
6.59257	-4.5356	-0.128665	
6.61976	-4.53264	-0.129285	
6.64694	-4.52969	-0.129906	
6.67412	-4.52673	-0.130526	
6.7013	-4.52377	-0.131147	
6.72849	-4.52081	-0.131767	
6.75567	-4.51786	-0.132387	
6.78285	-4.5149	-0.133008	
6.81003	-4.51194	-0.133628	
6.83722	-4.50898	-0.134248	
6.8644	-4.50603	-0.134869	
6.89158	-4.50307	-0.135489	
6.91876	-4.50011	-0.136109	
6.94595	-4.49716	-0.13673	
6.97313	-4.4942	-0.13735	
7.00031	-4.49124	-0.137971	
7.0275	-4.48829	-0.138591	
7.05468	-4.48533	-0.139211	
7.08186	-4.48237	-0.139832	
7.10905	-4.47942	-0.140452	
7.13623	-4.47646	-0.141073	
7.16341	-4.47351	-0.141693	
7.19059	-4.47055	-0.142313	
7.21778	-4.4676	-0.142934	
7.24496	-4.46464	-0.143554	
7.27214	-4.46168	-0.144174	
7.29933	-4.45873	-0.144795	
7.32651	-4.45577	-0.145415	
7.35369	-4.45282	-0.146036	
7.38088	-4.44986	-0.146656	
7.40806	-4.44691	-0.147276	
7.43524	-4.44395	-0.147897	
7.46243	-4.441	-0.148517	
7.48961	-4.43804	-0.149138	
7.5168	-4.43509	-0.149758	
7.54398	-4.43214	-0.150379	
7.57116	-4.42918	-0.150999	
7.59835	-4.42623	-0.151619	
7.62553	-4.42327	-0.15224	
7.65271	-4.42032	-0.15286	
7.6799	-4.41736	-0.153481	
7.70708	-4.41441	-0.154101	
7.73426	-4.41146	-0.154721	
7.76145	-4.4085	-0.155342	
7.78863	-4.40555	-0.155962	
7.81582	-4.4026	-0.156583	
7.843	-4.39964	-0.157203	
7.87018	-4.39669	-0.157824	
7.89737	-4.39374	-0.158444	
7.92455	-4.39079	-0.159065	
7.95174	-4.38783	-0.159685	
7.97892	-4.38488	-0.160305	
8.0061	-4.38193	-0.160926	
8.03329	-4.37898	-0.161546	
8.06047	-4.37602	-0.162167	
8.08766	-4.37307	-0.162787	
8.11484	-4.37012	-0.163408	
8.14203	-4.36717	-0.164028	
8.16921	-4.36422	-0.164649	
8.19639	-4.36126	-0.165269	
8.22358	-4.35831	-0.16589	
8.25076	-4.35536	-0.16651	
8.27795	-4.35241	-0.167131	
8.30513	-4.34946	-0.167751	
8.33232	-4.34651	-0.168372	
8.3595	-4.34356	-0.168992	
8.38669	-4.34061	-0.169613	
8.41387	-4.33766	-0.170233	
8.44105	-4.33471	-0.170854	
8.46824	-4.33175	-0.171474	
8.49542	-4.3288	-0.172095	
8.52261	-4.32585	-0.172715	
8.54979	-4.3229	-0.173336	
8.57698	-4.31995	-0.173956	
8.60416	-4.31701	-0.174577	
8.63135	-4.31406	-0.175197	
8.65853	-4.31111	-0.175818	
8.68572	-4.30816	-0.176438	
8.7129	-4.30521	-0.177059	
8.74009	-4.30226	-0.177679	
8.76727	-4.29931	-0.1783	
8.79446	-4.29636	-0.17892	
8.82164	-4.29341	-0.179541	
8.84883	-4.29046	-0.180161	
8.87601	-4.28752	-0.180782	
8.9032	-4.28457	-0.181402	
8.93038	-4.28162	-0.182023	
8.95757	-4.27867	-0.182644	
8.98475	-4.27572	-0.183264	
9.01194	-4.27278	-0.183885	
9.03912	-4.26983	-0.184505	
9.06631	-4.26688	-0.185126	
9.09349	-4.26393	-0.185746	
9.12068	-4.26099	-0.186367	
9.14786	-4.25804	-0.186988	
9.17505	-4.25509	-0.187608	
9.20223	-4.25215	-0.188229	
9.22942	-4.2492	-0.188849	
9.2566	-4.24625	-0.18947	
9.28379	-4.24331	-0.190091	
9.31097	-4.24036	-0.190711	
9.33816	-4.23742	-0.191332	
9.36534	-4.23447	-0.191952	
9.39253	-4.23153	-0.192573	
9.41971	-4.22858	-0.193194	
9.4469	-4.22563	-0.193814	
9.47409	-4.22269	-0.194435	
9.50127	-4.21974	-0.195056	
9.52846	-4.2168	-0.195676	
9.55564	-4.21386	-0.196297	
9.58283	-4.21091	-0.196917	
9.61001	-4.20797	-0.197538	
9.6372	-4.20502	-0.198159	
9.66438	-4.20208	-0.198779	
9.69157	-4.19913	-0.1994	
9.71875	-4.19619	-0.200021	
9.74594	-4.19325	-0.200641	
9.77312	-4.1903	-0.201262	
9.80031	-4.18736	-0.201883	
9.8275	-4.18442	-0.202503	
9.85468	-4.18148	-0.203124	
9.88187	-4.17853	-0.203745	
9.90905	-4.17559	-0.204366	
9.93624	-4.17265	-0.204986	
9.96342	-4.16971	-0.205607	
9.99061	-4.16676	-0.206228	
10.0178	-4.16382	-0.206848	
10.045	-4.16088	-0.207469	
10.0722	-4.15794	-0.20809	
10.0993	-4.155	-0.208711	
10.1265	-4.15206	-0.209331	
10.1537	-4.14912	-0.209952	
10.1809	-4.14617	-0.210573	
10.2081	-4.14323	-0.211194	
10.2353	-4.14029	-0.211814	
10.2625	-4.13735	-0.212435	
10.2896	-4.13441	-0.213056	
10.3168	-4.13147	-0.213677	
10.344	-4.12853	-0.214297	
10.3712	-4.12559	-0.214918	
10.3984	-4.12265	-0.215539	
10.4256	-4.11971	-0.21616	
10.4528	-4.11678	-0.216781	
10.4799	-4.11384	-0.217401	
10.5071	-4.1109	-0.218022	
10.5343	-4.10796	-0.218643	
10.5615	-4.10502	-0.219264	
10.5887	-4.10208	-0.219885	
10.6159	-4.09914	-0.220506	
10.6431	-4.09621	-0.221126	
10.6702	-4.09327	-0.221747	
10.6974	-4.09033	-0.222368	
10.7246	-4.08739	-0.222989	
10.7518	-4.08446	-0.22361	
10.779	-4.08152	-0.224231	
10.8062	-4.07858	-0.224852	
10.8334	-4.07565	-0.225473	
10.8605	-4.07271	-0.226093	
10.8877	-4.06977	-0.226714	
10.9149	-4.06684	-0.227335	
10.9421	-4.0639	-0.227956	
10.9693	-4.06097	-0.228577	
10.9965	-4.05803	-0.229198	
11.0237	-4.05509	-0.229819	
11.0508	-4.05216	-0.23044	
11.078	-4.04922	-0.231061	
11.1052	-4.04629	-0.231682	
11.1324	-4.04336	-0.232303	
11.1596	-4.04042	-0.232924	
11.1868	-4.03749	-0.233545	
11.2139	-4.03455	-0.234166	
11.2411	-4.03162	-0.234787	
11.2683	-4.02869	-0.235408	
11.2955	-4.02575	-0.236029	
11.3227	-4.02282	-0.23665	
11.3499	-4.01989	-0.237271	
11.3771	-4.01695	-0.237892	
11.4042	-4.01402	-0.238513	
11.4314	-4.01109	-0.239134	
11.4586	-4.00815	-0.239755	
11.4858	-4.00522	-0.240376	
11.513	-4.00229	-0.240997	
11.5402	-3.99936	-0.241618	
11.5673	-3.99643	-0.242239	
11.5945	-3.9935	-0.24286	
11.6217	-3.99056	-0.243481	
11.6489	-3.98763	-0.244102	
11.6761	-3.9847	-0.244723	
11.7033	-3.98177	-0.245344	
11.7304	-3.97884	-0.245966	
11.7576	-3.97591	-0.246587	
11.7848	-3.97298	-0.247208	
11.812	-3.97005	-0.247829	
11.8392	-3.96712	-0.24845	
11.8664	-3.96419	-0.249071	
11.8936	-3.96126	-0.249692	
11.9207	-3.95833	-0.250314	
11.9479	-3.9554	-0.250935	
11.9751	-3.95248	-0.251556	
12.0023	-3.94955	-0.252177	
12.0295	-3.94662	-0.252798	
12.0567	-3.94369	-0.25342	
12.0838	-3.94076	-0.254041	
12.111	-3.93784	-0.254662	
12.1382	-3.93491	-0.255283	
12.1654	-3.93198	-0.255904	
12.1926	-3.92905	-0.256526	
12.2198	-3.92613	-0.257147	
12.2469	-3.9232	-0.257768	
12.2741	-3.92027	-0.25839	
12.3013	-3.91735	-0.259011	
12.3285	-3.91442	-0.259632	
12.3557	-3.91149	-0.260253	
12.3828	-3.90857	-0.260875	
12.41	-3.90564	-0.261496	
12.4372	-3.90272	-0.262117	
12.4644	-3.89979	-0.262739	
12.4916	-3.89687	-0.26336	
12.5188	-3.89394	-0.263981	
12.5459	-3.89102	-0.264603	
12.5731	-3.88809	-0.265224	
12.6003	-3.88517	-0.265845	
12.6275	-3.88224	-0.266467	
12.6547	-3.87932	-0.267088	
12.6819	-3.8764	-0.26771	
12.709	-3.87347	-0.268331	
12.7362	-3.87055	-0.268952	
12.7634	-3.86763	-0.269574	
12.7906	-3.8647	-0.270195	
12.8178	-3.86178	-0.270817	
12.8449	-3.85886	-0.271438	
12.8721	-3.85593	-0.27206	
12.8993	-3.85301	-0.272681	
12.9265	-3.85009	-0.273303	
12.9537	-3.84717	-0.273924	
12.9808	-3.84425	-0.274546	
13.008	-3.84132	-0.275167	
13.0352	-3.8384	-0.275789	
13.0624	-3.83548	-0.27641	
13.0896	-3.83256	-0.277032	
13.1168	-3.82964	-0.277653	
13.1439	-3.82672	-0.278275	
13.1711	-3.8238	-0.278896	
13.1983	-3.82088	-0.279518	
13.2255	-3.81796	-0.280139	
13.2527	-3.81504	-0.280761	
13.2798	-3.81212	-0.281383	
13.307	-3.8092	-0.282004	
13.3342	-3.80628	-0.282626	
13.3614	-3.80336	-0.283247	
13.3885	-3.80044	-0.283869	
13.4157	-3.79752	-0.284491	
13.4429	-3.7946	-0.285112	
13.4701	-3.79169	-0.285734	
13.4973	-3.78877	-0.286356	
13.5244	-3.78585	-0.286977	
13.5516	-3.78293	-0.287599	
13.5788	-3.78001	-0.288221	
13.606	-3.7771	-0.288842	
13.6332	-3.77418	-0.289464	
13.6603	-3.77126	-0.290086	
13.6875	-3.76834	-0.290707	
13.7147	-3.76543	-0.291329	
13.7419	-3.76251	-0.291951	
13.7691	-3.75959	-0.292573	
13.7962	-3.75668	-0.293194	
13.8234	-3.75376	-0.293816	
13.8506	-3.75084	-0.294438	
13.8778	-3.74793	-0.29506	
13.9049	-3.74501	-0.295682	
13.9321	-3.7421	-0.296303	
13.9593	-3.73918	-0.296925	
13.9865	-3.73627	-0.297547	
14.0136	-3.73335	-0.298169	
14.0408	-3.73043	-0.298791	
14.068	-3.72752	-0.299413	
14.0952	-3.72461	-0.300034	
14.1224	-3.72169	-0.300656	
14.1495	-3.71878	-0.301278	
14.1767	-3.71586	-0.3019	
14.2039	-3.71295	-0.302522	
14.2311	-3.71003	-0.303144	
14.2582	-3.70712	-0.303766	
14.2854	-3.70421	-0.304388	
14.3126	-3.70129	-0.30501	
14.3398	-3.69838	-0.305632	
14.3669	-3.69547	-0.306254	
14.3941	-3.69255	-0.306876	
14.4213	-3.68964	-0.307498	
14.4485	-3.68673	-0.30812	
14.4756	-3.68382	-0.308742	
14.5028	-3.6809	-0.309364	
14.53	-3.67799	-0.309986	
14.5572	-3.67508	-0.310608	
14.5843	-3.67217	-0.31123	
14.6115	-3.66925	-0.311852	
14.6387	-3.66634	-0.312474	
14.6659	-3.66343	-0.313096	
14.693	-3.66052	-0.313718	
14.7202	-3.65761	-0.31434	
14.7474	-3.6547	-0.314962	
14.7746	-3.65179	-0.315584	
14.8017	-3.64888	-0.316206	
14.8289	-3.64596	-0.316828	
14.8561	-3.64305	-0.31745	
14.8832	-3.64014	-0.318072	
14.9104	-3.63723	-0.318695	
14.9376	-3.63432	-0.319317	
14.9648	-3.63141	-0.319939	
14.9919	-3.6285	-0.320561	
15.0191	-3.62559	-0.321183	
15.0463	-3.62268	-0.321805	
15.0735	-3.61977	-0.322428	
15.1006	-3.61686	-0.32305	
15.1278	-3.61395	-0.323672	
15.155	-3.61105	-0.324294	
15.1821	-3.60814	-0.324916	
15.2093	-3.60523	-0.325539	
15.2365	-3.60232	-0.326161	
15.2637	-3.59941	-0.326783	
15.2908	-3.5965	-0.327405	
15.318	-3.59359	-0.328028	
15.3452	-3.59068	-0.32865	
15.3723	-3.58778	-0.329272	
15.3995	-3.58487	-0.329894	
15.4267	-3.58196	-0.330517	
15.4539	-3.57905	-0.331139	
15.481	-3.57614	-0.331761	
15.5082	-3.57324	-0.332384	
15.5354	-3.57033	-0.333006	
15.5625	-3.56742	-0.333628	
15.5897	-3.56451	-0.334251	
15.6169	-3.56161	-0.334873	
15.644	-3.5587	-0.335495	
15.6712	-3.55579	-0.336118	
15.6984	-3.55289	-0.33674	
15.7255	-3.54998	-0.337362	
15.7527	-3.54707	-0.337985	
15.7799	-3.54417	-0.338607	
15.8071	-3.54126	-0.33923	
15.8342	-3.53835	-0.339852	
15.8614	-3.53545	-0.340474	
15.8886	-3.53254	-0.341097	
15.9157	-3.52964	-0.341719	
15.9429	-3.52673	-0.342342	
15.9701	-3.52382	-0.342964	
15.9972	-3.52092	-0.343587	
16.0244	-3.51801	-0.344209	
16.0516	-3.51511	-0.344832	
16.0787	-3.5122	-0.345454	
16.1059	-3.5093	-0.346077	
16.1331	-3.50639	-0.346699	
16.1602	-3.50349	-0.347322	
16.1874	-3.50058	-0.347944	
16.2146	-3.49768	-0.348567	
16.2417	-3.49477	-0.349189	
16.2689	-3.49187	-0.349812	
16.2961	-3.48896	-0.350434	
16.3232	-3.48606	-0.351057	
16.3504	-3.48315	-0.351679	
16.3776	-3.48025	-0.352302	
16.4047	-3.47734	-0.352925	
16.4319	-3.47444	-0.353547	
16.4591	-3.47153	-0.35417	
16.4862	-3.46863	-0.354792	
16.5134	-3.46573	-0.355415	
16.5406	-3.46282	-0.356038	
16.5677	-3.45992	-0.35666	
16.5949	-3.45701	-0.357283	
16.6221	-3.45411	-0.357905	
16.6492	-3.45121	-0.358528	
16.6764	-3.4483	-0.359151	
16.7035	-3.4454	-0.359773	
16.7307	-3.4425	-0.360396	
16.7579	-3.43959	-0.361019	
16.785	-3.43669	-0.361641	
16.8122	-3.43379	-0.362264	
16.8394	-3.43088	-0.362887	
16.8665	-3.42798	-0.363509	
16.8937	-3.42508	-0.364132	
16.9209	-3.42218	-0.364755	
16.948	-3.41927	-0.365378	
16.9752	-3.41637	-0.366	
17.0023	-3.41347	-0.366623	
17.0295	-3.41056	-0.367246	
17.0567	-3.40766	-0.367869	
17.0838	-3.40476	-0.368491	
17.111	-3.40186	-0.369114	
17.1382	-3.39895	-0.369737	
17.1653	-3.39605	-0.37036	
17.1925	-3.39315	-0.370982	
17.2197	-3.39025	-0.371605	
17.2468	-3.38735	-0.372228	
17.274	-3.38444	-0.372851	
17.3011	-3.38154	-0.373473	
17.3283	-3.37864	-0.374096	
17.3555	-3.37574	-0.374719	
17.3826	-3.37284	-0.375342	
17.4098	-3.36994	-0.375965	
17.4369	-3.36703	-0.376588	
17.4641	-3.36413	-0.37721	
17.4913	-3.36123	-0.377833	
17.5184	-3.35833	-0.378456	
17.5456	-3.35543	-0.379079	
17.5727	-3.35253	-0.379702	
17.5999	-3.34963	-0.380325	
17.6271	-3.34672	-0.380948	
17.6542	-3.34382	-0.38157	
17.6814	-3.34092	-0.382193	
17.7086	-3.33802	-0.382816	
17.7357	-3.33512	-0.383439	
17.7629	-3.33222	-0.384062	
17.79	-3.32932	-0.384685	
17.8172	-3.32642	-0.385308	
17.8443	-3.32352	-0.385931	
17.8715	-3.32062	-0.386554	
17.8987	-3.31771	-0.387177	
17.9258	-3.31481	-0.3878	
17.953	-3.31191	-0.388423	
17.9801	-3.30901	-0.389045	
18.0073	-3.30611	-0.389668	
18.0345	-3.30321	-0.390291	
18.0616	-3.30031	-0.390914	
18.0888	-3.29741	-0.391537	
18.1159	-3.29451	-0.39216	
18.1431	-3.29161	-0.392783	
18.1703	-3.28871	-0.393406	
18.1974	-3.28581	-0.394029	
18.2246	-3.28291	-0.394652	
18.2517	-3.28001	-0.395275	
18.2789	-3.27711	-0.395898	
18.306	-3.27421	-0.396521	
18.3332	-3.27131	-0.397144	
18.3604	-3.26841	-0.397767	
18.3875	-3.26551	-0.39839	
18.4147	-3.26261	-0.399013	
18.4418	-3.25971	-0.399636	
18.469	-3.25681	-0.400259	
18.4961	-3.25391	-0.400883	
18.5233	-3.25101	-0.401506	
18.5505	-3.24811	-0.402129	
18.5776	-3.24521	-0.402752	
18.6048	-3.24231	-0.403375	
18.6319	-3.23941	-0.403998	
18.6591	-3.23652	-0.404621	
18.6862	-3.23362	-0.405244	
18.7134	-3.23072	-0.405867	
18.7406	-3.22782	-0.40649	
18.7677	-3.22492	-0.407113	
18.7949	-3.22202	-0.407736	
18.822	-3.21912	-0.40836	
18.8492	-3.21622	-0.408983	
18.8763	-3.21332	-0.409606	
18.9035	-3.21042	-0.410229	
18.9306	-3.20752	-0.410852	
18.9578	-3.20462	-0.411475	
18.985	-3.20172	-0.412098	
19.0121	-3.19883	-0.412721	
19.0393	-3.19593	-0.413345	
19.0664	-3.19303	-0.413968	
19.0936	-3.19013	-0.414591	
19.1207	-3.18723	-0.415214	
19.1479	-3.18433	-0.415837	
19.175	-3.18143	-0.41646	
19.2022	-3.17853	-0.417084	
19.2294	-3.17564	-0.417707	
19.2565	-3.17274	-0.41833	
19.2837	-3.16984	-0.418953	
19.3108	-3.16694	-0.419576	
19.338	-3.16404	-0.420199	
19.3651	-3.16114	-0.420823	
19.3923	-3.15824	-0.421446	
19.4194	-3.15534	-0.422069	
19.4466	-3.15245	-0.422692	
19.4737	-3.14955	-0.423316	
19.5009	-3.14665	-0.423939	
19.528	-3.14375	-0.424562	
19.5552	-3.14085	-0.425185	
19.5823	-3.13795	-0.425808	
19.6095	-3.13506	-0.426432	
19.6367	-3.13216	-0.427055	
19.6638	-3.12926	-0.427678	
19.691	-3.12636	-0.428301	
19.7181	-3.12346	-0.428925	
19.7453	-3.12056	-0.429548	
19.7724	-3.11767	-0.430171	
19.7996	-3.11477	-0.430794	
19.8267	-3.11187	-0.431418	
19.8539	-3.10897	-0.432041	
19.881	-3.10607	-0.432664	
19.9082	-3.10318	-0.433288	
19.9353	-3.10028	-0.433911	
19.9625	-3.09738	-0.434534	
19.9896	-3.09448	-0.435157	
20.0168	-3.09158	-0.435781	
20.0439	-3.08869	-0.436404	
20.0711	-3.08579	-0.437027	
20.0982	-3.08289	-0.437651	
20.1254	-3.07999	-0.438274	
20.1525	-3.07709	-0.438897	
20.1797	-3.0742	-0.439521	
20.2069	-3.0713	-0.440144	
20.234	-3.0684	-0.440767	
20.2612	-3.0655	-0.441391	
20.2883	-3.0626	-0.442014	
20.3155	-3.05971	-0.442637	
20.3426	-3.05681	-0.443261	
20.3698	-3.05391	-0.443884	
20.3969	-3.05101	-0.444507	
20.4241	-3.04812	-0.445131	
20.4512	-3.04522	-0.445754	
20.4784	-3.04232	-0.446377	
20.5055	-3.03942	-0.447001	
20.5327	-3.03653	-0.447624	
20.5598	-3.03363	-0.448247	
20.587	-3.03073	-0.448871	
20.6141	-3.02783	-0.449494	
20.6413	-3.02494	-0.450118	
20.6684	-3.02204	-0.450741	
20.6956	-3.01914	-0.451364	
20.7227	-3.01624	-0.451988	
20.7499	-3.01334	-0.452611	
20.777	-3.01045	-0.453235	
20.8042	-3.00755	-0.453858	
20.8313	-3.00465	-0.454481	
20.8585	-3.00176	-0.455105	
20.8856	-2.99886	-0.455728	
20.9128	-2.99596	-0.456352	
20.9399	-2.99306	-0.456975	
20.9671	-2.99017	-0.457598	
20.9942	-2.98727	-0.458222	
21.0214	-2.98437	-0.458845	
21.0485	-2.98147	-0.459469	
21.0757	-2.97858	-0.460092	
21.1028	-2.97568	-0.460716	
21.13	-2.97278	-0.461339	
21.1571	-2.96988	-0.461962	
21.1842	-2.96699	-0.462586	
21.2114	-2.96409	-0.463209	
21.2385	-2.96119	-0.463833	
21.2657	-2.95829	-0.464456	
21.2928	-2.9554	-0.46508	
21.32	-2.9525	-0.465703	
21.3471	-2.9496	-0.466327	
21.3743	-2.94671	-0.46695	
21.4014	-2.94381	-0.467574	
21.4286	-2.94091	-0.468197	
21.4557	-2.93801	-0.46882	
21.4829	-2.93512	-0.469444	
21.51	-2.93222	-0.470067	
21.5372	-2.92932	-0.470691	
21.5643	-2.92643	-0.471314	
21.5915	-2.92353	-0.471938	
21.6186	-2.92063	-0.472561	
21.6458	-2.91773	-0.473185	
21.6729	-2.91484	-0.473808	
21.7001	-2.91194	-0.474432	
21.7272	-2.90904	-0.475055	
21.7544	-2.90615	-0.475679	
21.7815	-2.90325	-0.476302	
21.8087	-2.90035	-0.476926	
21.8358	-2.89746	-0.477549	
21.8629	-2.89456	-0.478173	
21.8901	-2.89166	-0.478796	
21.9172	-2.88876	-0.47942	
21.9444	-2.88587	-0.480043	
21.9715	-2.88297	-0.480667	
21.9987	-2.88007	-0.481291	
22.0258	-2.87718	-0.481914	
22.053	-2.87428	-0.482538	
22.0801	-2.87138	-0.483161	
22.1073	-2.86849	-0.483785	
22.1344	-2.86559	-0.484408	
22.1616	-2.86269	-0.485032	
22.1887	-2.85979	-0.485655	
22.2159	-2.8569	-0.486279	
22.243	-2.854	-0.486902	
22.2701	-2.8511	-0.487526	
22.2973	-2.84821	-0.48815	
22.3244	-2.84531	-0.488773	
22.3516	-2.84241	-0.489397	
22.3787	-2.83952	-0.49002	
22.4059	-2.83662	-0.490644	
22.433	-2.83372	-0.491267	
22.4602	-2.83083	-0.491891	
22.4873	-2.82793	-0.492514	
22.5145	-2.82503	-0.493138	
22.5416	-2.82213	-0.493762	
22.5687	-2.81924	-0.494385	
22.5959	-2.81634	-0.495009	
22.623	-2.81344	-0.495632	
22.6502	-2.81055	-0.496256	
22.6773	-2.80765	-0.49688	
22.7045	-2.80475	-0.497503	
22.7316	-2.80186	-0.498127	
22.7588	-2.79896	-0.49875	
22.7859	-2.79606	-0.499374	
22.8131	-2.79317	-0.499998	
22.8402	-2.79027	-0.500621	
22.8673	-2.78737	-0.501245	
22.8945	-2.78448	-0.501868	
22.9216	-2.78158	-0.502492	
22.9488	-2.77868	-0.503116	
22.9759	-2.77579	-0.503739	
23.0031	-2.77289	-0.504363	
23.0302	-2.76999	-0.504986	
23.0574	-2.76709	-0.50561	
23.0845	-2.7642	-0.506234	
23.1116	-2.7613	-0.506857	
23.1388	-2.7584	-0.507481	
23.1659	-2.75551	-0.508105	
23.1931	-2.75261	-0.508728	
23.2202	-2.74971	-0.509352	
23.2474	-2.74682	-0.509975	
23.2745	-2.74392	-0.510599	
23.3017	-2.74102	-0.511223	
23.3288	-2.73813	-0.511846	
23.3559	-2.73523	-0.51247	
23.3831	-2.73233	-0.513094	
23.4102	-2.72944	-0.513717	
23.4374	-2.72654	-0.514341	
23.4645	-2.72364	-0.514965	
23.4917	-2.72075	-0.515588	
23.5188	-2.71785	-0.516212	
23.5459	-2.71495	-0.516836	
23.5731	-2.71206	-0.517459	
23.6002	-2.70916	-0.518083	
23.6274	-2.70626	-0.518707	
23.6545	-2.70337	-0.51933	
23.6817	-2.70047	-0.519954	
23.7088	-2.69757	-0.520578	
23.736	-2.69468	-0.521201	
23.7631	-2.69178	-0.521825	
23.7902	-2.68888	-0.522449	
23.8174	-2.68599	-0.523072	
23.8445	-2.68309	-0.523696	
23.8717	-2.68019	-0.52432	
23.8988	-2.6773	-0.524943	
23.926	-2.6744	-0.525567	
23.9531	-2.6715	-0.526191	
23.9802	-2.66861	-0.526814	
24.0074	-2.66571	-0.527438	
24.0345	-2.66281	-0.528062	
24.0617	-2.65992	-0.528686	
24.0888	-2.65702	-0.529309	
24.116	-2.65412	-0.529933	
24.1431	-2.65123	-0.530557	
24.1702	-2.64833	-0.53118	
24.1974	-2.64543	-0.531804	
24.2245	-2.64254	-0.532428	
24.2517	-2.63964	-0.533052	
24.2788	-2.63674	-0.533675	
24.306	-2.63385	-0.534299	
24.3331	-2.63095	-0.534923	
24.3602	-2.62805	-0.535546	
24.3874	-2.62516	-0.53617	
24.4145	-2.62226	-0.536794	
24.4417	-2.61936	-0.537418	
24.4688	-2.61647	-0.538041	
24.4959	-2.61357	-0.538665	
24.5231	-2.61067	-0.539289	
24.5502	-2.60778	-0.539912	
24.5774	-2.60488	-0.540536	
24.6045	-2.60198	-0.54116	
24.6317	-2.59908	-0.541784	
24.6588	-2.59619	-0.542407	
24.6859	-2.59329	-0.543031	
24.7131	-2.59039	-0.543655	
24.7402	-2.5875	-0.544279	
24.7674	-2.5846	-0.544902	
24.7945	-2.5817	-0.545526	
24.8216	-2.57881	-0.54615	
24.8488	-2.57591	-0.546774	
24.8759	-2.57301	-0.547397	
24.9031	-2.57012	-0.548021	
24.9302	-2.56722	-0.548645	
24.9574	-2.56432	-0.549269	
24.9845	-2.56143	-0.549892	
25.0116	-2.55853	-0.550516	
25.0388	-2.55563	-0.55114	
25.0659	-2.55274	-0.551764	
25.0931	-2.54984	-0.552387	
25.1202	-2.54694	-0.553011	
25.1473	-2.54405	-0.553635	
25.1745	-2.54115	-0.554259	
25.2016	-2.53825	-0.554882	
25.2288	-2.53536	-0.555506	
25.2559	-2.53246	-0.55613	
25.283	-2.52956	-0.556754	
25.3102	-2.52667	-0.557378	
25.3373	-2.52377	-0.558001	
25.3645	-2.52087	-0.558625	
25.3916	-2.51798	-0.559249	
25.4188	-2.51508	-0.559873	
25.4459	-2.51218	-0.560496	
25.473	-2.50929	-0.56112	
25.5002	-2.50639	-0.561744	
25.5273	-2.50349	-0.562368	
25.5545	-2.5006	-0.562992	
25.5816	-2.4977	-0.563615	
25.6087	-2.4948	-0.564239	
25.6359	-2.49191	-0.564863	
25.663	-2.48901	-0.565487	
25.6902	-2.48611	-0.566111	
25.7173	-2.48322	-0.566734	
25.7444	-2.48032	-0.567358	
25.7716	-2.47742	-0.567982	
25.7987	-2.47453	-0.568606	
25.8259	-2.47163	-0.56923	
25.853	-2.46873	-0.569853	
25.8801	-2.46584	-0.570477	
25.9073	-2.46294	-0.571101	
25.9344	-2.46004	-0.571725	
25.9616	-2.45714	-0.572349	
25.9887	-2.45425	-0.572972	
26.0158	-2.45135	-0.573596	
26.043	-2.44845	-0.57422	
26.0701	-2.44556	-0.574844	
26.0973	-2.44266	-0.575468	
26.1244	-2.43976	-0.576092	
26.1515	-2.43687	-0.576715	
26.1787	-2.43397	-0.577339	
26.2058	-2.43107	-0.577963	
26.233	-2.42818	-0.578587	
26.2601	-2.42528	-0.579211	
26.2872	-2.42238	-0.579834	
26.3144	-2.41949	-0.580458	
26.3415	-2.41659	-0.581082	
26.3687	-2.41369	-0.581706	
26.3958	-2.4108	-0.58233	
26.4229	-2.4079	-0.582954	
26.4501	-2.405	-0.583577	
26.4772	-2.40211	-0.584201	
26.5044	-2.39921	-0.584825	
26.5315	-2.39631	-0.585449	
26.5586	-2.39341	-0.586073	
26.5858	-2.39052	-0.586697	
26.6129	-2.38762	-0.587321	
26.64	-2.38472	-0.587944	
26.6672	-2.38183	-0.588568	
26.6943	-2.37893	-0.589192	
26.7215	-2.37603	-0.589816	
26.7486	-2.37314	-0.59044	
26.7757	-2.37024	-0.591064	
26.8029	-2.36734	-0.591687	
26.83	-2.36445	-0.592311	
26.8572	-2.36155	-0.592935	
26.8843	-2.35865	-0.593559	
26.9114	-2.35576	-0.594183	
26.9386	-2.35286	-0.594807	
26.9657	-2.34996	-0.595431	
26.9929	-2.34706	-0.596054	
27.02	-2.34417	-0.596678	
27.0471	-2.34127	-0.597302	
27.0743	-2.33837	-0.597926	
27.1014	-2.33548	-0.59855	
27.1285	-2.33258	-0.599174	
27.1557	-2.32968	-0.599798	
27.1828	-2.32679	-0.600422	
27.21	-2.32389	-0.601045	
27.2371	-2.32099	-0.601669	
27.2642	-2.31809	-0.602293	
27.2914	-2.3152	-0.602917	
27.3185	-2.3123	-0.603541	
27.3457	-2.3094	-0.604165	
27.3728	-2.30651	-0.604789	
27.3999	-2.30361	-0.605413	
27.4271	-2.30071	-0.606036	
27.4542	-2.29782	-0.60666	
27.4813	-2.29492	-0.607284	
27.5085	-2.29202	-0.607908	
