-0.411052	-0.0509456	0.032621	
-0.443154	-0.148738	0.0275734	
-0.475256	-0.246531	0.0225257	
-0.507358	-0.344324	0.0174781	
-0.53946	-0.442117	0.0124305	
-0.571561	-0.53991	0.00738283	
-0.603663	-0.637704	0.00233519	
-0.635765	-0.735497	-0.00271245	
-0.667866	-0.833291	-0.00776009	
-0.699968	-0.931085	-0.0128077	
-0.732069	-1.02888	-0.0178554	
-0.76417	-1.12667	-0.022903	
-0.796272	-1.22447	-0.0279506	
-0.828373	-1.32226	-0.0329983	
-0.860474	-1.42006	-0.0380459	
-0.892575	-1.51785	-0.0430935	
-0.924676	-1.61565	-0.0481411	
-0.956777	-1.71344	-0.0531888	
-0.988878	-1.81124	-0.0582364	
-1.02098	-1.90904	-0.063284	
-1.05308	-2.00683	-0.0683316	
-1.08518	-2.10463	-0.0733792	
-1.11728	-2.20242	-0.0784268	
-1.14938	-2.30022	-0.0834744	
-1.18148	-2.39802	-0.0885219	
-1.21358	-2.49582	-0.0935695	
-1.24568	-2.59361	-0.0986171	
-1.27778	-2.69141	-0.103665	
-1.30988	-2.78921	-0.108712	
-1.34197	-2.88701	-0.11376	
-1.37407	-2.98481	-0.118807	
-1.40617	-3.08261	-0.123855	
-1.43827	-3.18041	-0.128902	
-1.47037	-3.27821	-0.13395	
-1.50246	-3.376	-0.138997	
-1.53456	-3.4738	-0.144045	
-1.56666	-3.5716	-0.149092	
-1.59875	-3.6694	-0.154139	
-1.63085	-3.76721	-0.159187	
-1.66295	-3.86501	-0.164234	
-1.69504	-3.96281	-0.169282	
-1.72714	-4.06061	-0.174329	
-1.75923	-4.15841	-0.179376	
-1.79132	-4.25621	-0.184424	
-1.82342	-4.35401	-0.189471	
-1.85551	-4.45181	-0.194518	
-1.88761	-4.54961	-0.199565	
-1.9197	-4.64741	-0.204613	
-1.95179	-4.74521	-0.20966	
-1.98388	-4.84302	-0.214707	
-2.01598	-4.94082	-0.219754	
-2.04807	-5.03862	-0.224802	
-2.08016	-5.13642	-0.229849	
-2.11225	-5.23422	-0.234896	
-2.14434	-5.33202	-0.239943	
-2.17643	-5.42982	-0.24499	
-2.20852	-5.52763	-0.250037	
-2.24061	-5.62543	-0.255084	
-2.2727	-5.72323	-0.260132	
-2.30479	-5.82103	-0.265179	
-2.33688	-5.91883	-0.270226	
-2.36897	-6.01663	-0.275273	
-2.40106	-6.11443	-0.28032	
-2.43315	-6.21223	-0.285367	
-2.46524	-6.31004	-0.290414	
-2.49733	-6.40784	-0.295461	
-2.52942	-6.50564	-0.300508	
-2.5615	-6.60344	-0.305555	
-2.59359	-6.70124	-0.310602	
-2.62568	-6.79904	-0.315649	
-2.65777	-6.89684	-0.320696	
-2.68986	-6.99464	-0.325743	
-2.72194	-7.09244	-0.33079	
-2.75403	-7.19024	-0.335837	
-2.78612	-7.28804	-0.340884	
-2.81821	-7.38585	-0.345931	
-2.85029	-7.48365	-0.350977	
-2.88238	-7.58145	-0.356024	
-2.91447	-7.67925	-0.361071	
-2.94655	-7.77705	-0.366118	
-2.97864	-7.87485	-0.371165	
-3.01073	-7.97265	-0.376212	
-3.04281	-8.07045	-0.381259	
-3.0749	-8.16825	-0.386306	
-3.10698	-8.26605	-0.391353	
-3.13907	-8.36385	-0.396399	
-3.17116	-8.46165	-0.401446	
-3.20324	-8.55945	-0.406493	
-3.23533	-8.65725	-0.41154	
-3.26741	-8.75505	-0.416587	
-3.2995	-8.85285	-0.421634	
-3.33159	-8.95065	-0.426681	
-3.36367	-9.04845	-0.431727	
-3.39576	-9.14625	-0.436774	
-3.42784	-9.24405	-0.441821	
-3.45993	-9.34185	-0.446868	
-3.49201	-9.43965	-0.451915	
-3.5241	-9.53745	-0.456962	
-3.55618	-9.63525	-0.462008	
-3.58827	-9.73305	-0.467055	
-3.62035	-9.83085	-0.472102	
-3.65244	-9.92865	-0.477149	
-3.68452	-10.0264	-0.482196	
-3.71661	-10.1242	-0.487242	
-3.74869	-10.222	-0.492289	
-3.78078	-10.3198	-0.497336	
-3.81286	-10.4176	-0.502383	
-3.84495	-10.5154	-0.50743	
-3.87703	-10.6132	-0.512476	
-3.90912	-10.711	-0.517523	
-3.9412	-10.8088	-0.52257	
-3.97328	-10.9066	-0.527617	
-4.00537	-11.0044	-0.532663	
-4.03745	-11.1022	-0.53771	
-4.06954	-11.2	-0.542757	
-4.10162	-11.2978	-0.547804	
-4.13371	-11.3956	-0.552851	
-4.16579	-11.4934	-0.557897	
-4.19787	-11.5912	-0.562944	
-4.22996	-11.689	-0.567991	
-4.26204	-11.7868	-0.573038	
-4.29413	-11.8846	-0.578084	
-4.32621	-11.9824	-0.583131	
-4.3583	-12.0802	-0.588178	
-4.39038	-12.178	-0.593225	
-4.42246	-12.2758	-0.598271	
-4.45455	-12.3736	-0.603318	
-4.48663	-12.4714	-0.608365	
-4.51871	-12.5692	-0.613412	
-4.5508	-12.667	-0.618458	
-4.58288	-12.7648	-0.623505	
-4.61497	-12.8626	-0.628552	
-4.64705	-12.9604	-0.633598	
-4.67913	-13.0582	-0.638645	
-4.71122	-13.156	-0.643692	
-4.7433	-13.2538	-0.648739	
-4.77538	-13.3516	-0.653785	
-4.80747	-13.4494	-0.658832	
-4.83955	-13.5472	-0.663879	
-4.87164	-13.645	-0.668926	
-4.90372	-13.7428	-0.673972	
-4.9358	-13.8406	-0.679019	
-4.96789	-13.9384	-0.684066	
-4.99997	-14.0362	-0.689112	
-5.03205	-14.134	-0.694159	
-5.06414	-14.2318	-0.699206	
-5.09622	-14.3296	-0.704253	
-5.1283	-14.4274	-0.709299	
-5.16039	-14.5252	-0.714346	
-5.19247	-14.623	-0.719393	
-5.22455	-14.7208	-0.724439	
-5.25664	-14.8186	-0.729486	
-5.28872	-14.9164	-0.734533	
-5.3208	-15.0142	-0.739579	
-5.35289	-15.112	-0.744626	
-5.38497	-15.2098	-0.749673	
-5.41705	-15.3076	-0.75472	
-5.44914	-15.4054	-0.759766	
-5.48122	-15.5032	-0.764813	
-5.5133	-15.601	-0.76986	
-5.54539	-15.6988	-0.774906	
-5.57747	-15.7966	-0.779953	
-5.60955	-15.8944	-0.785	
-5.64163	-15.9922	-0.790046	
-5.67372	-16.09	-0.795093	
-5.7058	-16.1878	-0.80014	
-5.73788	-16.2856	-0.805186	
-5.76997	-16.3834	-0.810233	
-5.80205	-16.4812	-0.81528	
-5.83413	-16.579	-0.820327	
-5.86622	-16.6768	-0.825373	
-5.8983	-16.7746	-0.83042	
-5.93038	-16.8724	-0.835467	
-5.96246	-16.9702	-0.840513	
-5.99455	-17.068	-0.84556	
-6.02663	-17.1657	-0.850607	
-6.05871	-17.2635	-0.855653	
-6.0908	-17.3613	-0.8607	
-6.12288	-17.4591	-0.865747	
-6.15496	-17.5569	-0.870793	
-6.18705	-17.6547	-0.87584	
-6.21913	-17.7525	-0.880887	
-6.25121	-17.8503	-0.885933	
-6.28329	-17.9481	-0.89098	
-6.31538	-18.0459	-0.896027	
-6.34746	-18.1437	-0.901073	
-6.37954	-18.2415	-0.90612	
-6.41162	-18.3393	-0.911167	
-6.44371	-18.4371	-0.916213	
-6.47579	-18.5349	-0.92126	
-6.50787	-18.6327	-0.926307	
-6.53996	-18.7305	-0.931353	
-6.57204	-18.8283	-0.9364	
-6.60412	-18.9261	-0.941447	
-6.6362	-19.0239	-0.946493	
-6.66829	-19.1217	-0.95154	
-6.70037	-19.2195	-0.956587	
-6.73245	-19.3173	-0.961633	
-6.76453	-19.4151	-0.96668	
-6.79662	-19.5129	-0.971727	
-6.8287	-19.6107	-0.976773	
-6.86078	-19.7085	-0.98182	
-6.89287	-19.8063	-0.986867	
-6.92495	-19.9041	-0.991913	
-6.95703	-20.0019	-0.99696	
-6.98911	-20.0997	-1.00201	
-7.0212	-20.1975	-1.00705	
-7.05328	-20.2953	-1.0121	
-7.08536	-20.3931	-1.01715	
-7.11744	-20.4909	-1.02219	
-7.14953	-20.5887	-1.02724	
-7.18161	-20.6865	-1.03229	
-7.21369	-20.7843	-1.03733	
-7.24577	-20.8821	-1.04238	
-7.27786	-20.9799	-1.04743	
-7.30994	-21.0777	-1.05247	
-7.34202	-21.1755	-1.05752	
-7.3741	-21.2733	-1.06257	
-7.40619	-21.3711	-1.06761	
-7.43827	-21.4689	-1.07266	
-7.47035	-21.5666	-1.07771	
-7.50243	-21.6644	-1.08275	
-7.53452	-21.7622	-1.0878	
-7.5666	-21.86	-1.09285	
-7.59868	-21.9578	-1.09789	
-7.63076	-22.0556	-1.10294	
-7.66285	-22.1534	-1.10799	
-7.69493	-22.2512	-1.11303	
-7.72701	-22.349	-1.11808	
-7.75909	-22.4468	-1.12313	
-7.79118	-22.5446	-1.12817	
-7.82326	-22.6424	-1.13322	
-7.85534	-22.7402	-1.13827	
-7.88742	-22.838	-1.14331	
-7.91951	-22.9358	-1.14836	
-7.95159	-23.0336	-1.15341	
-7.98367	-23.1314	-1.15845	
-8.01575	-23.2292	-1.1635	
-8.04784	-23.327	-1.16855	
-8.07992	-23.4248	-1.17359	
-8.112	-23.5226	-1.17864	
-8.14408	-23.6204	-1.18369	
-8.17617	-23.7182	-1.18873	
-8.20825	-23.816	-1.19378	
-8.24033	-23.9138	-1.19883	
-8.27241	-24.0116	-1.20387	
-8.30449	-24.1094	-1.20892	
-8.33658	-24.2072	-1.21397	
-8.36866	-24.305	-1.21901	
-8.40074	-24.4028	-1.22406	
-8.43282	-24.5006	-1.22911	
-8.46491	-24.5984	-1.23415	
-8.49699	-24.6962	-1.2392	
-8.52907	-24.794	-1.24425	
-8.56115	-24.8918	-1.24929	
-8.59324	-24.9896	-1.25434	
-8.62532	-25.0874	-1.25939	
-8.6574	-25.1852	-1.26443	
-8.68948	-25.2829	-1.26948	
-8.72156	-25.3807	-1.27453	
-8.75365	-25.4785	-1.27957	
-8.78573	-25.5763	-1.28462	
-8.81781	-25.6741	-1.28967	
-8.84989	-25.7719	-1.29471	
-8.88198	-25.8697	-1.29976	
-8.91406	-25.9675	-1.30481	
-8.94614	-26.0653	-1.30985	
-8.97822	-26.1631	-1.3149	
-9.0103	-26.2609	-1.31995	
-9.04239	-26.3587	-1.32499	
-9.07447	-26.4565	-1.33004	
-9.10655	-26.5543	-1.33509	
-9.13863	-26.6521	-1.34013	
-9.17072	-26.7499	-1.34518	
-9.2028	-26.8477	-1.35023	
-9.23488	-26.9455	-1.35527	
-9.26696	-27.0433	-1.36032	
-9.29904	-27.1411	-1.36537	
-9.33113	-27.2389	-1.37041	
-9.36321	-27.3367	-1.37546	
-9.39529	-27.4345	-1.3805	
-9.42737	-27.5323	-1.38555	
-9.45946	-27.6301	-1.3906	
-9.49154	-27.7279	-1.39564	
-9.52362	-27.8257	-1.40069	
-9.5557	-27.9235	-1.40574	
-9.58778	-28.0213	-1.41078	
-9.61987	-28.1191	-1.41583	
-9.65195	-28.2169	-1.42088	
-9.68403	-28.3147	-1.42592	
-9.71611	-28.4125	-1.43097	
-9.7482	-28.5103	-1.43602	
-9.78028	-28.6081	-1.44106	
-9.81236	-28.7059	-1.44611	
-9.84444	-28.8036	-1.45116	
-9.87652	-28.9014	-1.4562	
-9.90861	-28.9992	-1.46125	
-9.94069	-29.097	-1.4663	
-9.97277	-29.1948	-1.47134	
-10.0049	-29.2926	-1.47639	
-10.0369	-29.3904	-1.48144	
-10.069	-29.4882	-1.48648	
-10.1011	-29.586	-1.49153	
-10.1332	-29.6838	-1.49658	
-10.1653	-29.7816	-1.50162	
-10.1973	-29.8794	-1.50667	
-10.2294	-29.9772	-1.51172	
-10.2615	-30.075	-1.51676	
-10.2936	-30.1728	-1.52181	
-10.3257	-30.2706	-1.52686	
-10.3578	-30.3684	-1.5319	
-10.3898	-30.4662	-1.53695	
-10.4219	-30.564	-1.542	
-10.454	-30.6618	-1.54704	
-10.4861	-30.7596	-1.55209	
-10.5182	-30.8574	-1.55714	
-10.5502	-30.9552	-1.56218	
-10.5823	-31.053	-1.56723	
-10.6144	-31.1508	-1.57228	
-10.6465	-31.2486	-1.57732	
-10.6786	-31.3464	-1.58237	
-10.7107	-31.4442	-1.58742	
-10.7427	-31.542	-1.59246	
-10.7748	-31.6398	-1.59751	
-10.8069	-31.7376	-1.60256	
-10.839	-31.8354	-1.6076	
-10.8711	-31.9332	-1.61265	
-10.9032	-32.031	-1.6177	
-10.9352	-32.1287	-1.62274	
-10.9673	-32.2265	-1.62779	
-10.9994	-32.3243	-1.63284	
-11.0315	-32.4221	-1.63788	
-11.0636	-32.5199	-1.64293	
-11.0956	-32.6177	-1.64798	
-11.1277	-32.7155	-1.65302	
-11.1598	-32.8133	-1.65807	
-11.1919	-32.9111	-1.66312	
-11.224	-33.0089	-1.66816	
-11.2561	-33.1067	-1.67321	
-11.2881	-33.2045	-1.67826	
-11.3202	-33.3023	-1.6833	
-11.3523	-33.4001	-1.68835	
-11.3844	-33.4979	-1.6934	
-11.4165	-33.5957	-1.69844	
-11.4485	-33.6935	-1.70349	
-11.4806	-33.7913	-1.70854	
-11.5127	-33.8891	-1.71358	
-11.5448	-33.9869	-1.71863	
-11.5769	-34.0847	-1.72368	
-11.609	-34.1825	-1.72872	
-11.641	-34.2803	-1.73377	
-11.6731	-34.3781	-1.73882	
-11.7052	-34.4759	-1.74386	
-11.7373	-34.5737	-1.74891	
-11.7694	-34.6715	-1.75396	
-11.8014	-34.7693	-1.759	
-11.8335	-34.8671	-1.76405	
-11.8656	-34.9649	-1.76909	
-11.8977	-35.0627	-1.77414	
-11.9298	-35.1605	-1.77919	
-11.9619	-35.2583	-1.78423	
-11.9939	-35.356	-1.78928	
-12.026	-35.4538	-1.79433	
-12.0581	-35.5516	-1.79937	
-12.0902	-35.6494	-1.80442	
-12.1223	-35.7472	-1.80947	
-12.1543	-35.845	-1.81451	
-12.1864	-35.9428	-1.81956	
-12.2185	-36.0406	-1.82461	
-12.2506	-36.1384	-1.82965	
-12.2827	-36.2362	-1.8347	
-12.3148	-36.334	-1.83975	
-12.3468	-36.4318	-1.84479	
-12.3789	-36.5296	-1.84984	
-12.411	-36.6274	-1.85489	
-12.4431	-36.7252	-1.85993	
-12.4752	-36.823	-1.86498	
-12.5072	-36.9208	-1.87003	
-12.5393	-37.0186	-1.87507	
-12.5714	-37.1164	-1.88012	
-12.6035	-37.2142	-1.88517	
-12.6356	-37.312	-1.89021	
-12.6677	-37.4098	-1.89526	
-12.6997	-37.5076	-1.90031	
-12.7318	-37.6054	-1.90535	
-12.7639	-37.7032	-1.9104	
-12.796	-37.801	-1.91545	
-12.8281	-37.8988	-1.92049	
-12.8602	-37.9966	-1.92554	
-12.8922	-38.0944	-1.93059	
-12.9243	-38.1922	-1.93563	
-12.9564	-38.29	-1.94068	
-12.9885	-38.3877	-1.94573	
-13.0206	-38.4855	-1.95077	
-13.0526	-38.5833	-1.95582	
-13.0847	-38.6811	-1.96087	
-13.1168	-38.7789	-1.96591	
-13.1489	-38.8767	-1.97096	
-13.181	-38.9745	-1.97601	
-13.2131	-39.0723	-1.98105	
-13.2451	-39.1701	-1.9861	
-13.2772	-39.2679	-1.99115	
-13.3093	-39.3657	-1.99619	
-13.3414	-39.4635	-2.00124	
-13.3735	-39.5613	-2.00629	
-13.4055	-39.6591	-2.01133	
-13.4376	-39.7569	-2.01638	
-13.4697	-39.8547	-2.02143	
-13.5018	-39.9525	-2.02647	
-13.5339	-40.0503	-2.03152	
-13.566	-40.1481	-2.03657	
-13.598	-40.2459	-2.04161	
-13.6301	-40.3437	-2.04666	
-13.6622	-40.4415	-2.05171	
-13.6943	-40.5393	-2.05675	
-13.7264	-40.6371	-2.0618	
-13.7584	-40.7349	-2.06685	
-13.7905	-40.8327	-2.07189	
-13.8226	-40.9305	-2.07694	
-13.8547	-41.0283	-2.08198	
-13.8868	-41.1261	-2.08703	
-13.9189	-41.2239	-2.09208	
-13.9509	-41.3217	-2.09712	
-13.983	-41.4194	-2.10217	
-14.0151	-41.5172	-2.10722	
-14.0472	-41.615	-2.11226	
-14.0793	-41.7128	-2.11731	
-14.1113	-41.8106	-2.12236	
-14.1434	-41.9084	-2.1274	
-14.1755	-42.0062	-2.13245	
-14.2076	-42.104	-2.1375	
-14.2397	-42.2018	-2.14254	
-14.2718	-42.2996	-2.14759	
-14.3038	-42.3974	-2.15264	
-14.3359	-42.4952	-2.15768	
-14.368	-42.593	-2.16273	
-14.4001	-42.6908	-2.16778	
-14.4322	-42.7886	-2.17282	
-14.4642	-42.8864	-2.17787	
-14.4963	-42.9842	-2.18292	
-14.5284	-43.082	-2.18796	
-14.5605	-43.1798	-2.19301	
-14.5926	-43.2776	-2.19806	
-14.6247	-43.3754	-2.2031	
-14.6567	-43.4732	-2.20815	
-14.6888	-43.571	-2.2132	
-14.7209	-43.6688	-2.21824	
-14.753	-43.7666	-2.22329	
-14.7851	-43.8644	-2.22834	
-14.8171	-43.9622	-2.23338	
-14.8492	-44.06	-2.23843	
-14.8813	-44.1578	-2.24348	
-14.9134	-44.2556	-2.24852	
-14.9455	-44.3533	-2.25357	
-14.9776	-44.4511	-2.25862	
-15.0096	-44.5489	-2.26366	
-15.0417	-44.6467	-2.26871	
-15.0738	-44.7445	-2.27376	
-15.1059	-44.8423	-2.2788	
-15.138	-44.9401	-2.28385	
-15.17	-45.0379	-2.2889	
-15.2021	-45.1357	-2.29394	
-15.2342	-45.2335	-2.29899	
-15.2663	-45.3313	-2.30404	
-15.2984	-45.4291	-2.30908	
-15.3305	-45.5269	-2.31413	
-15.3625	-45.6247	-2.31918	
-15.3946	-45.7225	-2.32422	
-15.4267	-45.8203	-2.32927	
-15.4588	-45.9181	-2.33432	
-15.4909	-46.0159	-2.33936	
-15.5229	-46.1137	-2.34441	
-15.555	-46.2115	-2.34946	
-15.5871	-46.3093	-2.3545	
-15.6192	-46.4071	-2.35955	
-15.6513	-46.5049	-2.36459	
-15.6834	-46.6027	-2.36964	
-15.7154	-46.7005	-2.37469	
-15.7475	-46.7983	-2.37973	
-15.7796	-46.8961	-2.38478	
-15.8117	-46.9939	-2.38983	
-15.8438	-47.0917	-2.39487	
-15.8758	-47.1895	-2.39992	
-15.9079	-47.2872	-2.40497	
-15.94	-47.385	-2.41001	
-15.9721	-47.4828	-2.41506	
-16.0042	-47.5806	-2.42011	
-16.0363	-47.6784	-2.42515	
-16.0683	-47.7762	-2.4302	
-16.1004	-47.874	-2.43525	
-16.1325	-47.9718	-2.44029	
-16.1646	-48.0696	-2.44534	
-16.1967	-48.1674	-2.45039	
-16.2287	-48.2652	-2.45543	
-16.2608	-48.363	-2.46048	
-16.2929	-48.4608	-2.46553	
-16.325	-48.5586	-2.47057	
-16.3571	-48.6564	-2.47562	
-16.3892	-48.7542	-2.48067	
-16.4212	-48.852	-2.48571	
-16.4533	-48.9498	-2.49076	
-16.4854	-49.0476	-2.49581	
-16.5175	-49.1454	-2.50085	
-16.5496	-49.2432	-2.5059	
-16.5816	-49.341	-2.51095	
-16.6137	-49.4388	-2.51599	
-16.6458	-49.5366	-2.52104	
-16.6779	-49.6344	-2.52609	
-16.71	-49.7322	-2.53113	
-16.7421	-49.83	-2.53618	
-16.7741	-49.9278	-2.54123	
-16.8062	-50.0256	-2.54627	
-16.8383	-50.1234	-2.55132	
-16.8704	-50.2211	-2.55637	
-16.9025	-50.3189	-2.56141	
-16.9345	-50.4167	-2.56646	
-16.9666	-50.5145	-2.57151	
-16.9987	-50.6123	-2.57655	
-17.0308	-50.7101	-2.5816	
-17.0629	-50.8079	-2.58665	
-17.095	-50.9057	-2.59169	
-17.127	-51.0035	-2.59674	
-17.1591	-51.1013	-2.60179	
-17.1912	-51.1991	-2.60683	
-17.2233	-51.2969	-2.61188	
-17.2554	-51.3947	-2.61693	
-17.2874	-51.4925	-2.62197	
-17.3195	-51.5903	-2.62702	
-17.3516	-51.6881	-2.63206	
-17.3837	-51.7859	-2.63711	
-17.4158	-51.8837	-2.64216	
-17.4479	-51.9815	-2.6472	
-17.4799	-52.0793	-2.65225	
-17.512	-52.1771	-2.6573	
-17.5441	-52.2749	-2.66234	
-17.5762	-52.3727	-2.66739	
-17.6083	-52.4705	-2.67244	
-17.6403	-52.5683	-2.67748	
-17.6724	-52.6661	-2.68253	
-17.7045	-52.7639	-2.68758	
-17.7366	-52.8617	-2.69262	
-17.7687	-52.9595	-2.69767	
-17.8007	-53.0572	-2.70272	
-17.8328	-53.155	-2.70776	
-17.8649	-53.2528	-2.71281	
-17.897	-53.3506	-2.71786	
-17.9291	-53.4484	-2.7229	
-17.9612	-53.5462	-2.72795	
-17.9932	-53.644	-2.733	
-18.0253	-53.7418	-2.73804	
-18.0574	-53.8396	-2.74309	
-18.0895	-53.9374	-2.74814	
-18.1216	-54.0352	-2.75318	
-18.1536	-54.133	-2.75823	
-18.1857	-54.2308	-2.76328	
-18.2178	-54.3286	-2.76832	
-18.2499	-54.4264	-2.77337	
-18.282	-54.5242	-2.77842	
-18.3141	-54.622	-2.78346	
-18.3461	-54.7198	-2.78851	
-18.3782	-54.8176	-2.79356	
-18.4103	-54.9154	-2.7986	
-18.4424	-55.0132	-2.80365	
-18.4745	-55.111	-2.8087	
-18.5065	-55.2088	-2.81374	
-18.5386	-55.3066	-2.81879	
-18.5707	-55.4044	-2.82384	
-18.6028	-55.5022	-2.82888	
-18.6349	-55.6	-2.83393	
-18.667	-55.6978	-2.83898	
-18.699	-55.7956	-2.84402	
-18.7311	-55.8933	-2.84907	
-18.7632	-55.9911	-2.85412	
-18.7953	-56.0889	-2.85916	
-18.8274	-56.1867	-2.86421	
-18.8594	-56.2845	-2.86925	
-18.8915	-56.3823	-2.8743	
-18.9236	-56.4801	-2.87935	
-18.9557	-56.5779	-2.88439	
-18.9878	-56.6757	-2.88944	
-19.0199	-56.7735	-2.89449	
-19.0519	-56.8713	-2.89953	
-19.084	-56.9691	-2.90458	
-19.1161	-57.0669	-2.90963	
-19.1482	-57.1647	-2.91467	
-19.1803	-57.2625	-2.91972	
-19.2123	-57.3603	-2.92477	
-19.2444	-57.4581	-2.92981	
-19.2765	-57.5559	-2.93486	
-19.3086	-57.6537	-2.93991	
-19.3407	-57.7515	-2.94495	
-19.3728	-57.8493	-2.95	
-19.4048	-57.9471	-2.95505	
-19.4369	-58.0449	-2.96009	
-19.469	-58.1427	-2.96514	
-19.5011	-58.2405	-2.97019	
-19.5332	-58.3383	-2.97523	
-19.5652	-58.4361	-2.98028	
-19.5973	-58.5339	-2.98533	
-19.6294	-58.6316	-2.99037	
-19.6615	-58.7294	-2.99542	
-19.6936	-58.8272	-3.00047	
-19.7257	-58.925	-3.00551	
-19.7577	-59.0228	-3.01056	
-19.7898	-59.1206	-3.01561	
-19.8219	-59.2184	-3.02065	
-19.854	-59.3162	-3.0257	
-19.8861	-59.414	-3.03075	
-19.9181	-59.5118	-3.03579	
-19.9502	-59.6096	-3.04084	
-19.9823	-59.7074	-3.04589	
-20.0144	-59.8052	-3.05093	
-20.0465	-59.903	-3.05598	
-20.0786	-60.0008	-3.06103	
-20.1106	-60.0986	-3.06607	
-20.1427	-60.1964	-3.07112	
-20.1748	-60.2942	-3.07617	
-20.2069	-60.392	-3.08121	
-20.239	-60.4898	-3.08626	
-20.271	-60.5876	-3.09131	
-20.3031	-60.6854	-3.09635	
-20.3352	-60.7832	-3.1014	
-20.3673	-60.881	-3.10644	
-20.3994	-60.9788	-3.11149	
-20.4314	-61.0766	-3.11654	
-20.4635	-61.1744	-3.12158	
-20.4956	-61.2722	-3.12663	
-20.5277	-61.3699	-3.13168	
-20.5598	-61.4677	-3.13672	
-20.5919	-61.5655	-3.14177	
-20.6239	-61.6633	-3.14682	
-20.656	-61.7611	-3.15186	
-20.6881	-61.8589	-3.15691	
-20.7202	-61.9567	-3.16196	
-20.7523	-62.0545	-3.167	
-20.7843	-62.1523	-3.17205	
-20.8164	-62.2501	-3.1771	
-20.8485	-62.3479	-3.18214	
-20.8806	-62.4457	-3.18719	
-20.9127	-62.5435	-3.19224	
-20.9448	-62.6413	-3.19728	
-20.9768	-62.7391	-3.20233	
-21.0089	-62.8369	-3.20738	
-21.041	-62.9347	-3.21242	
-21.0731	-63.0325	-3.21747	
-21.1052	-63.1303	-3.22252	
-21.1372	-63.2281	-3.22756	
-21.1693	-63.3259	-3.23261	
-21.2014	-63.4237	-3.23766	
-21.2335	-63.5215	-3.2427	
-21.2656	-63.6193	-3.24775	
-21.2977	-63.7171	-3.2528	
-21.3297	-63.8149	-3.25784	
-21.3618	-63.9127	-3.26289	
-21.3939	-64.0105	-3.26794	
-21.426	-64.1083	-3.27298	
-21.4581	-64.206	-3.27803	
-21.4901	-64.3038	-3.28308	
-21.5222	-64.4016	-3.28812	
-21.5543	-64.4994	-3.29317	
-21.5864	-64.5972	-3.29822	
-21.6185	-64.695	-3.30326	
-21.6506	-64.7928	-3.30831	
-21.6826	-64.8906	-3.31336	
-21.7147	-64.9884	-3.3184	
-21.7468	-65.0862	-3.32345	
-21.7789	-65.184	-3.3285	
-21.811	-65.2818	-3.33354	
-21.843	-65.3796	-3.33859	
-21.8751	-65.4774	-3.34363	
-21.9072	-65.5752	-3.34868	
-21.9393	-65.673	-3.35373	
-21.9714	-65.7708	-3.35877	
-22.0035	-65.8686	-3.36382	
-22.0355	-65.9664	-3.36887	
-22.0676	-66.0642	-3.37391	
-22.0997	-66.162	-3.37896	
-22.1318	-66.2598	-3.38401	
-22.1639	-66.3576	-3.38905	
-22.1959	-66.4554	-3.3941	
-22.228	-66.5532	-3.39915	
-22.2601	-66.651	-3.40419	
-22.2922	-66.7488	-3.40924	
-22.3243	-66.8466	-3.41429	
-22.3563	-66.9443	-3.41933	
-22.3884	-67.0421	-3.42438	
-22.4205	-67.1399	-3.42943	
-22.4526	-67.2377	-3.43447	
-22.4847	-67.3355	-3.43952	
-22.5168	-67.4333	-3.44457	
-22.5488	-67.5311	-3.44961	
-22.5809	-67.6289	-3.45466	
-22.613	-67.7267	-3.45971	
-22.6451	-67.8245	-3.46475	
-22.6772	-67.9223	-3.4698	
-22.7092	-68.0201	-3.47485	
-22.7413	-68.1179	-3.47989	
-22.7734	-68.2157	-3.48494	
-22.8055	-68.3135	-3.48999	
-22.8376	-68.4113	-3.49503	
-22.8697	-68.5091	-3.50008	
-22.9017	-68.6069	-3.50513	
-22.9338	-68.7047	-3.51017	
-22.9659	-68.8025	-3.51522	
-22.998	-68.9003	-3.52027	
-23.0301	-68.9981	-3.52531	
-23.0621	-69.0959	-3.53036	
-23.0942	-69.1937	-3.53541	
-23.1263	-69.2915	-3.54045	
-23.1584	-69.3893	-3.5455	
-23.1905	-69.4871	-3.55055	
-23.2226	-69.5848	-3.55559	
-23.2546	-69.6826	-3.56064	
-23.2867	-69.7804	-3.56569	
-23.3188	-69.8782	-3.57073	
-23.3509	-69.976	-3.57578	
-23.383	-70.0738	-3.58082	
-23.415	-70.1716	-3.58587	
-23.4471	-70.2694	-3.59092	
-23.4792	-70.3672	-3.59596	
-23.5113	-70.465	-3.60101	
-23.5434	-70.5628	-3.60606	
-23.5755	-70.6606	-3.6111	
-23.6075	-70.7584	-3.61615	
-23.6396	-70.8562	-3.6212	
-23.6717	-70.954	-3.62624	
-23.7038	-71.0518	-3.63129	
-23.7359	-71.1496	-3.63634	
-23.7679	-71.2474	-3.64138	
-23.8	-71.3452	-3.64643	
-23.8321	-71.443	-3.65148	
-23.8642	-71.5408	-3.65652	
-23.8963	-71.6386	-3.66157	
-23.9283	-71.7364	-3.66662	
-23.9604	-71.8342	-3.67166	
-23.9925	-71.932	-3.67671	
-24.0246	-72.0298	-3.68176	
-24.0567	-72.1276	-3.6868	
-24.0888	-72.2254	-3.69185	
-24.1208	-72.3231	-3.6969	
-24.1529	-72.4209	-3.70194	
-24.185	-72.5187	-3.70699	
-24.2171	-72.6165	-3.71204	
-24.2492	-72.7143	-3.71708	
-24.2812	-72.8121	-3.72213	
-24.3133	-72.9099	-3.72718	
-24.3454	-73.0077	-3.73222	
-24.3775	-73.1055	-3.73727	
-24.4096	-73.2033	-3.74232	
-24.4417	-73.3011	-3.74736	
-24.4737	-73.3989	-3.75241	
-24.5058	-73.4967	-3.75746	
-24.5379	-73.5945	-3.7625	
-24.57	-73.6923	-3.76755	
-24.6021	-73.7901	-3.7726	
-24.6341	-73.8879	-3.77764	
-24.6662	-73.9857	-3.78269	
-24.6983	-74.0835	-3.78774	
-24.7304	-74.1813	-3.79278	
-24.7625	-74.2791	-3.79783	
-24.7946	-74.3769	-3.80287	
-24.8266	-74.4747	-3.80792	
-24.8587	-74.5725	-3.81297	
-24.8908	-74.6703	-3.81801	
-24.9229	-74.7681	-3.82306	
-24.955	-74.8659	-3.82811	
-24.987	-74.9636	-3.83315	
-25.0191	-75.0614	-3.8382	
-25.0512	-75.1592	-3.84325	
-25.0833	-75.257	-3.84829	
-25.1154	-75.3548	-3.85334	
-25.1474	-75.4526	-3.85839	
-25.1795	-75.5504	-3.86343	
-25.2116	-75.6482	-3.86848	
-25.2437	-75.746	-3.87353	
-25.2758	-75.8438	-3.87857	
-25.3079	-75.9416	-3.88362	
-25.3399	-76.0394	-3.88867	
-25.372	-76.1372	-3.89371	
-25.4041	-76.235	-3.89876	
-25.4362	-76.3328	-3.90381	
-25.4683	-76.4306	-3.90885	
-25.5003	-76.5284	-3.9139	
-25.5324	-76.6262	-3.91895	
-25.5645	-76.724	-3.92399	
-25.5966	-76.8218	-3.92904	
-25.6287	-76.9196	-3.93409	
-25.6608	-77.0174	-3.93913	
-25.6928	-77.1152	-3.94418	
-25.7249	-77.213	-3.94923	
-25.757	-77.3108	-3.95427	
-25.7891	-77.4086	-3.95932	
-25.8212	-77.5064	-3.96437	
-25.8532	-77.6042	-3.96941	
-25.8853	-77.7019	-3.97446	
-25.9174	-77.7997	-3.97951	
-25.9495	-77.8975	-3.98455	
-25.9816	-77.9953	-3.9896	
-26.0137	-78.0931	-3.99465	
-26.0457	-78.1909	-3.99969	
-26.0778	-78.2887	-4.00474	
-26.1099	-78.3865	-4.00978	
-26.142	-78.4843	-4.01483	
-26.1741	-78.5821	-4.01988	
-26.2061	-78.6799	-4.02492	
-26.2382	-78.7777	-4.02997	
-26.2703	-78.8755	-4.03502	
-26.3024	-78.9733	-4.04006	
-26.3345	-79.0711	-4.04511	
-26.3665	-79.1689	-4.05016	
-26.3986	-79.2667	-4.0552	
-26.4307	-79.3645	-4.06025	
-26.4628	-79.4623	-4.0653	
-26.4949	-79.5601	-4.07034	
-26.527	-79.6579	-4.07539	
-26.559	-79.7557	-4.08044	
-26.5911	-79.8535	-4.08548	
-26.6232	-79.9513	-4.09053	
-26.6553	-80.0491	-4.09558	
-26.6874	-80.1469	-4.10062	
-26.7194	-80.2447	-4.10567	
-26.7515	-80.3424	-4.11072	
-26.7836	-80.4402	-4.11576	
-26.8157	-80.538	-4.12081	
-26.8478	-80.6358	-4.12586	
-26.8799	-80.7336	-4.1309	
-26.9119	-80.8314	-4.13595	
-26.944	-80.9292	-4.141	
-26.9761	-81.027	-4.14604	
-27.0082	-81.1248	-4.15109	
-27.0403	-81.2226	-4.15614	
-27.0723	-81.3204	-4.16118	
-27.1044	-81.4182	-4.16623	
-27.1365	-81.516	-4.17128	
-27.1686	-81.6138	-4.17632	
-27.2007	-81.7116	-4.18137	
-27.2328	-81.8094	-4.18642	
-27.2648	-81.9072	-4.19146	
-27.2969	-82.005	-4.19651	
-27.329	-82.1028	-4.20156	
-27.3611	-82.2006	-4.2066	
-27.3932	-82.2984	-4.21165	
-27.4252	-82.3962	-4.2167	
-27.4573	-82.494	-4.22174	
-27.4894	-82.5918	-4.22679	
-27.5215	-82.6896	-4.23183	
-27.5536	-82.7874	-4.23688	
-27.5856	-82.8852	-4.24193	
-27.6177	-82.9829	-4.24697	
-27.6498	-83.0807	-4.25202	
-27.6819	-83.1785	-4.25707	
-27.714	-83.2763	-4.26211	
-27.7461	-83.3741	-4.26716	
-27.7781	-83.4719	-4.27221	
-27.8102	-83.5697	-4.27725	
-27.8423	-83.6675	-4.2823	
-27.8744	-83.7653	-4.28735	
-27.9065	-83.8631	-4.29239	
-27.9385	-83.9609	-4.29744	
-27.9706	-84.0587	-4.30249	
-28.0027	-84.1565	-4.30753	
-28.0348	-84.2543	-4.31258	
-28.0669	-84.3521	-4.31763	
-28.099	-84.4499	-4.32267	
-28.131	-84.5477	-4.32772	
-28.1631	-84.6455	-4.33277	
-28.1952	-84.7433	-4.33781	
-28.2273	-84.8411	-4.34286	
-28.2594	-84.9389	-4.34791	
-28.2914	-85.0367	-4.35295	
-28.3235	-85.1345	-4.358	
-28.3556	-85.2323	-4.36305	
-28.3877	-85.3301	-4.36809	
-28.4198	-85.4279	-4.37314	
-28.4519	-85.5257	-4.37819	
-28.4839	-85.6234	-4.38323	
-28.516	-85.7212	-4.38828	
-28.5481	-85.819	-4.39333	
-28.5802	-85.9168	-4.39837	
-28.6123	-86.0146	-4.40342	
-28.6443	-86.1124	-4.40847	
-28.6764	-86.2102	-4.41351	
-28.7085	-86.308	-4.41856	
-28.7406	-86.4058	-4.42361	
-28.7727	-86.5036	-4.42865	
-28.8047	-86.6014	-4.4337	
-28.8368	-86.6992	-4.43874	
-28.8689	-86.797	-4.44379	
-28.901	-86.8948	-4.44884	
-28.9331	-86.9926	-4.45388	
-28.9652	-87.0904	-4.45893	
-28.9972	-87.1882	-4.46398	
-29.0293	-87.286	-4.46902	
-29.0614	-87.3838	-4.47407	
-29.0935	-87.4816	-4.47912	
-29.1256	-87.5794	-4.48416	
-29.1576	-87.6772	-4.48921	
-29.1897	-87.775	-4.49426	
-29.2218	-87.8728	-4.4993	
-29.2539	-87.9706	-4.50435	
-29.286	-88.0684	-4.5094	
-29.3181	-88.1662	-4.51444	
-29.3501	-88.2639	-4.51949	
-29.3822	-88.3617	-4.52454	
-29.4143	-88.4595	-4.52958	
-29.4464	-88.5573	-4.53463	
-29.4785	-88.6551	-4.53968	
-29.5105	-88.7529	-4.54472	
-29.5426	-88.8507	-4.54977	
-29.5747	-88.9485	-4.55482	
-29.6068	-89.0463	-4.55986	
-29.6389	-89.1441	-4.56491	
-29.671	-89.2419	-4.56996	
-29.703	-89.3397	-4.575	
-29.7351	-89.4375	-4.58005	
-29.7672	-89.5353	-4.5851	
-29.7993	-89.6331	-4.59014	
-29.8314	-89.7309	-4.59519	
-29.8634	-89.8287	-4.60024	
-29.8955	-89.9265	-4.60528	
-29.9276	-90.0243	-4.61033	
-29.9597	-90.1221	-4.61538	
-29.9918	-90.2199	-4.62042	
-30.0238	-90.3177	-4.62547	
-30.0559	-90.4155	-4.63052	
-30.088	-90.5133	-4.63556	
-30.1201	-90.6111	-4.64061	
-30.1522	-90.7089	-4.64566	
-30.1843	-90.8067	-4.6507	
-30.2163	-90.9044	-4.65575	
-30.2484	-91.0022	-4.66079	
-30.2805	-91.1	-4.66584	
-30.3126	-91.1978	-4.67089	
-30.3447	-91.2956	-4.67593	
-30.3767	-91.3934	-4.68098	
-30.4088	-91.4912	-4.68603	
-30.4409	-91.589	-4.69107	
-30.473	-91.6868	-4.69612	
-30.5051	-91.7846	-4.70117	
-30.5372	-91.8824	-4.70621	
-30.5692	-91.9802	-4.71126	
-30.6013	-92.078	-4.71631	
-30.6334	-92.1758	-4.72135	
-30.6655	-92.2736	-4.7264	
-30.6976	-92.3714	-4.73145	
-30.7296	-92.4692	-4.73649	
-30.7617	-92.567	-4.74154	
-30.7938	-92.6648	-4.74659	
-30.8259	-92.7626	-4.75163	
-30.858	-92.8604	-4.75668	
-30.8901	-92.9582	-4.76173	
-30.9221	-93.056	-4.76677	
-30.9542	-93.1538	-4.77182	
-30.9863	-93.2516	-4.77687	
-31.0184	-93.3494	-4.78191	
-31.0505	-93.4472	-4.78696	
-31.0825	-93.5449	-4.79201	
-31.1146	-93.6427	-4.79705	
-31.1467	-93.7405	-4.8021	
-31.1788	-93.8383	-4.80715	
-31.2109	-93.9361	-4.81219	
-31.2429	-94.0339	-4.81724	
-31.275	-94.1317	-4.82229	
-31.3071	-94.2295	-4.82733	
-31.3392	-94.3273	-4.83238	
-31.3713	-94.4251	-4.83743	
-31.4034	-94.5229	-4.84247	
-31.4354	-94.6207	-4.84752	
-31.4675	-94.7185	-4.85257	
-31.4996	-94.8163	-4.85761	
-31.5317	-94.9141	-4.86266	
-31.5638	-95.0119	-4.8677	
-31.5958	-95.1097	-4.87275	
-31.6279	-95.2075	-4.8778	
-31.66	-95.3053	-4.88284	
-31.6921	-95.4031	-4.88789	
-31.7242	-95.5009	-4.89294	
-31.7563	-95.5987	-4.89798	
-31.7883	-95.6965	-4.90303	
-31.8204	-95.7943	-4.90808	
-31.8525	-95.8921	-4.91312	
-31.8846	-95.9899	-4.91817	
-31.9167	-96.0876	-4.92322	
-31.9487	-96.1854	-4.92826	
-31.9808	-96.2832	-4.93331	
-32.0129	-96.381	-4.93836	
-32.045	-96.4788	-4.9434	
-32.0771	-96.5766	-4.94845	
-32.1091	-96.6744	-4.9535	
-32.1412	-96.7722	-4.95854	
-32.1733	-96.87	-4.96359	
-32.2054	-96.9678	-4.96864	
-32.2375	-97.0656	-4.97368	
-32.2696	-97.1634	-4.97873	
-32.3016	-97.2612	-4.98378	
-32.3337	-97.359	-4.98882	
-32.3658	-97.4568	-4.99387	
-32.3979	-97.5546	-4.99892	
-32.43	-97.6524	-5.00396	
-32.462	-97.7502	-5.00901	
-32.4941	-97.848	-5.01406	
