29.2232	-6.43487	-0.540963	
29.2256	-6.4236	-0.541249	
29.228	-6.41234	-0.541535	
29.2304	-6.40108	-0.541821	
29.2328	-6.38981	-0.542107	
29.2351	-6.37855	-0.542393	
29.2375	-6.36728	-0.542679	
29.2399	-6.35602	-0.542965	
29.2423	-6.34475	-0.543251	
29.2447	-6.33349	-0.543537	
29.2471	-6.32223	-0.543823	
29.2495	-6.31096	-0.544109	
29.2519	-6.2997	-0.544395	
29.2543	-6.28843	-0.544681	
29.2567	-6.27717	-0.544967	
29.2591	-6.2659	-0.545253	
29.2615	-6.25464	-0.545539	
29.2638	-6.24338	-0.545825	
29.2662	-6.23211	-0.546111	
29.2686	-6.22085	-0.546398	
29.271	-6.20958	-0.546684	
29.2734	-6.19832	-0.54697	
29.2758	-6.18706	-0.547256	
29.2782	-6.17579	-0.547542	
29.2806	-6.16453	-0.547828	
29.283	-6.15326	-0.548114	
29.2854	-6.142	-0.5484	
29.2878	-6.13073	-0.548686	
29.2902	-6.11947	-0.548972	
29.2926	-6.10821	-0.549258	
29.2949	-6.09694	-0.549544	
29.2973	-6.08568	-0.54983	
29.2997	-6.07441	-0.550116	
29.3021	-6.06315	-0.550402	
29.3045	-6.05188	-0.550688	
29.3069	-6.04062	-0.550974	
29.3093	-6.02936	-0.55126	
29.3117	-6.01809	-0.551546	
29.3141	-6.00683	-0.551832	
29.3165	-5.99556	-0.552118	
29.3189	-5.9843	-0.552404	
29.3213	-5.97303	-0.55269	
29.3237	-5.96177	-0.552976	
29.326	-5.95051	-0.553262	
29.3284	-5.93924	-0.553548	
29.3308	-5.92798	-0.553835	
29.3332	-5.91671	-0.554121	
29.3356	-5.90545	-0.554407	
29.338	-5.89418	-0.554693	
29.3404	-5.88292	-0.554979	
29.3428	-5.87166	-0.555265	
29.3452	-5.86039	-0.555551	
29.3476	-5.84913	-0.555837	
29.35	-5.83786	-0.556123	
29.3524	-5.8266	-0.556409	
29.3548	-5.81533	-0.556695	
29.3571	-5.80407	-0.556981	
29.3595	-5.79281	-0.557267	
29.3619	-5.78154	-0.557553	
29.3643	-5.77028	-0.557839	
29.3667	-5.75901	-0.558125	
29.3691	-5.74775	-0.558411	
29.3715	-5.73648	-0.558697	
29.3739	-5.72522	-0.558983	
29.3763	-5.71396	-0.559269	
29.3787	-5.70269	-0.559555	
29.3811	-5.69143	-0.559841	
29.3835	-5.68016	-0.560127	
29.3859	-5.6689	-0.560413	
29.3882	-5.65763	-0.560699	
29.3906	-5.64637	-0.560985	
29.393	-5.63511	-0.561272	
29.3954	-5.62384	-0.561558	
29.3978	-5.61258	-0.561844	
29.4002	-5.60131	-0.56213	
29.4026	-5.59005	-0.562416	
29.405	-5.57879	-0.562702	
29.4074	-5.56752	-0.562988	
29.4098	-5.55626	-0.563274	
29.4122	-5.54499	-0.56356	
29.4146	-5.53373	-0.563846	
29.417	-5.52246	-0.564132	
29.4193	-5.5112	-0.564418	
29.4217	-5.49994	-0.564704	
29.4241	-5.48867	-0.56499	
29.4265	-5.47741	-0.565276	
29.4289	-5.46614	-0.565562	
29.4313	-5.45488	-0.565848	
29.4337	-5.44361	-0.566134	
29.4361	-5.43235	-0.56642	
29.4385	-5.42109	-0.566706	
29.4409	-5.40982	-0.566992	
29.4433	-5.39856	-0.567278	
29.4457	-5.38729	-0.567564	
29.4481	-5.37603	-0.56785	
29.4504	-5.36476	-0.568136	
29.4528	-5.3535	-0.568422	
29.4552	-5.34224	-0.568708	
29.4576	-5.33097	-0.568995	
29.46	-5.31971	-0.569281	
29.4624	-5.30844	-0.569567	
29.4648	-5.29718	-0.569853	
29.4672	-5.28591	-0.570139	
29.4696	-5.27465	-0.570425	
29.472	-5.26339	-0.570711	
29.4744	-5.25212	-0.570997	
29.4768	-5.24086	-0.571283	
29.4792	-5.22959	-0.571569	
29.4815	-5.21833	-0.571855	
29.4839	-5.20706	-0.572141	
29.4863	-5.1958	-0.572427	
29.4887	-5.18454	-0.572713	
29.4911	-5.17327	-0.572999	
29.4935	-5.16201	-0.573285	
29.4959	-5.15074	-0.573571	
29.4983	-5.13948	-0.573857	
29.5007	-5.12821	-0.574143	
29.5031	-5.11695	-0.574429	
29.5055	-5.10569	-0.574715	
29.5079	-5.09442	-0.575001	
29.5102	-5.08316	-0.575287	
29.5126	-5.07189	-0.575573	
29.515	-5.06063	-0.575859	
29.5174	-5.04937	-0.576145	
29.5198	-5.0381	-0.576432	
29.5222	-5.02684	-0.576718	
29.5246	-5.01557	-0.577004	
29.527	-5.00431	-0.57729	
29.5294	-4.99304	-0.577576	
29.5318	-4.98178	-0.577862	
29.5342	-4.97052	-0.578148	
29.5366	-4.95925	-0.578434	
29.539	-4.94799	-0.57872	
29.5413	-4.93672	-0.579006	
29.5437	-4.92546	-0.579292	
29.5461	-4.91419	-0.579578	
29.5485	-4.90293	-0.579864	
29.5509	-4.89167	-0.58015	
29.5533	-4.8804	-0.580436	
29.5557	-4.86914	-0.580722	
29.5581	-4.85787	-0.581008	
29.5605	-4.84661	-0.581294	
29.5629	-4.83534	-0.58158	
29.5653	-4.82408	-0.581866	
29.5677	-4.81282	-0.582152	
29.5701	-4.80155	-0.582438	
29.5724	-4.79029	-0.582724	
29.5748	-4.77902	-0.58301	
29.5772	-4.76776	-0.583296	
29.5796	-4.75649	-0.583582	
29.582	-4.74523	-0.583869	
29.5844	-4.73397	-0.584155	
29.5868	-4.7227	-0.584441	
29.5892	-4.71144	-0.584727	
29.5916	-4.70017	-0.585013	
29.594	-4.68891	-0.585299	
29.5964	-4.67764	-0.585585	
29.5988	-4.66638	-0.585871	
29.6012	-4.65512	-0.586157	
29.6035	-4.64385	-0.586443	
29.6059	-4.63259	-0.586729	
29.6083	-4.62132	-0.587015	
29.6107	-4.61006	-0.587301	
29.6131	-4.59879	-0.587587	
29.6155	-4.58753	-0.587873	
29.6179	-4.57627	-0.588159	
29.6203	-4.565	-0.588445	
29.6227	-4.55374	-0.588731	
29.6251	-4.54247	-0.589017	
29.6275	-4.53121	-0.589303	
29.6299	-4.51994	-0.589589	
29.6323	-4.50868	-0.589875	
29.6346	-4.49742	-0.590161	
29.637	-4.48615	-0.590447	
29.6394	-4.47489	-0.590733	
29.6418	-4.46362	-0.591019	
29.6442	-4.45236	-0.591306	
29.6466	-4.4411	-0.591592	
29.649	-4.42983	-0.591878	
29.6514	-4.41857	-0.592164	
29.6538	-4.4073	-0.59245	
29.6562	-4.39604	-0.592736	
29.6586	-4.38477	-0.593022	
29.661	-4.37351	-0.593308	
29.6634	-4.36225	-0.593594	
29.6657	-4.35098	-0.59388	
29.6681	-4.33972	-0.594166	
29.6705	-4.32845	-0.594452	
29.6729	-4.31719	-0.594738	
29.6753	-4.30592	-0.595024	
29.6777	-4.29466	-0.59531	
29.6801	-4.2834	-0.595596	
29.6825	-4.27213	-0.595882	
29.6849	-4.26087	-0.596168	
29.6873	-4.2496	-0.596454	
29.6897	-4.23834	-0.59674	
29.6921	-4.22707	-0.597026	
29.6945	-4.21581	-0.597312	
29.6968	-4.20455	-0.597598	
29.6992	-4.19328	-0.597884	
29.7016	-4.18202	-0.59817	
29.704	-4.17075	-0.598456	
29.7064	-4.15949	-0.598743	
29.7088	-4.14822	-0.599029	
29.7112	-4.13696	-0.599315	
29.7136	-4.1257	-0.599601	
29.716	-4.11443	-0.599887	
29.7184	-4.10317	-0.600173	
29.7208	-4.0919	-0.600459	
29.7232	-4.08064	-0.600745	
29.7256	-4.06937	-0.601031	
29.7279	-4.05811	-0.601317	
29.7303	-4.04685	-0.601603	
29.7327	-4.03558	-0.601889	
29.7351	-4.02432	-0.602175	
29.7375	-4.01305	-0.602461	
29.7399	-4.00179	-0.602747	
29.7423	-3.99052	-0.603033	
29.7447	-3.97926	-0.603319	
29.7471	-3.968	-0.603605	
29.7495	-3.95673	-0.603891	
29.7519	-3.94547	-0.604177	
29.7543	-3.9342	-0.604463	
29.7566	-3.92294	-0.604749	
29.759	-3.91167	-0.605035	
29.7614	-3.90041	-0.605321	
29.7638	-3.88915	-0.605607	
29.7662	-3.87788	-0.605893	
29.7686	-3.86662	-0.60618	
29.771	-3.85535	-0.606466	
29.7734	-3.84409	-0.606752	
29.7758	-3.83283	-0.607038	
29.7782	-3.82156	-0.607324	
29.7806	-3.8103	-0.60761	
29.783	-3.79903	-0.607896	
29.7854	-3.78777	-0.608182	
29.7877	-3.7765	-0.608468	
29.7901	-3.76524	-0.608754	
29.7925	-3.75398	-0.60904	
29.7949	-3.74271	-0.609326	
29.7973	-3.73145	-0.609612	
29.7997	-3.72018	-0.609898	
29.8021	-3.70892	-0.610184	
29.8045	-3.69765	-0.61047	
29.8069	-3.68639	-0.610756	
29.8093	-3.67513	-0.611042	
29.8117	-3.66386	-0.611328	
29.8141	-3.6526	-0.611614	
29.8165	-3.64133	-0.6119	
29.8188	-3.63007	-0.612186	
29.8212	-3.6188	-0.612472	
29.8236	-3.60754	-0.612758	
29.826	-3.59628	-0.613044	
29.8284	-3.58501	-0.61333	
29.8308	-3.57375	-0.613617	
29.8332	-3.56248	-0.613903	
29.8356	-3.55122	-0.614189	
29.838	-3.53995	-0.614475	
29.8404	-3.52869	-0.614761	
29.8428	-3.51743	-0.615047	
29.8452	-3.50616	-0.615333	
29.8476	-3.4949	-0.615619	
29.8499	-3.48363	-0.615905	
29.8523	-3.47237	-0.616191	
29.8547	-3.4611	-0.616477	
29.8571	-3.44984	-0.616763	
29.8595	-3.43858	-0.617049	
29.8619	-3.42731	-0.617335	
29.8643	-3.41605	-0.617621	
29.8667	-3.40478	-0.617907	
29.8691	-3.39352	-0.618193	
29.8715	-3.38225	-0.618479	
29.8739	-3.37099	-0.618765	
29.8763	-3.35973	-0.619051	
29.8787	-3.34846	-0.619337	
29.881	-3.3372	-0.619623	
29.8834	-3.32593	-0.619909	
29.8858	-3.31467	-0.620195	
29.8882	-3.30341	-0.620481	
29.8906	-3.29214	-0.620767	
29.893	-3.28088	-0.621054	
29.8954	-3.26961	-0.62134	
29.8978	-3.25835	-0.621626	
29.9002	-3.24708	-0.621912	
29.9026	-3.23582	-0.622198	
29.905	-3.22456	-0.622484	
29.9074	-3.21329	-0.62277	
29.9098	-3.20203	-0.623056	
29.9121	-3.19076	-0.623342	
29.9145	-3.1795	-0.623628	
29.9169	-3.16823	-0.623914	
29.9193	-3.15697	-0.6242	
29.9217	-3.14571	-0.624486	
29.9241	-3.13444	-0.624772	
29.9265	-3.12318	-0.625058	
29.9289	-3.11191	-0.625344	
29.9313	-3.10065	-0.62563	
29.9337	-3.08938	-0.625916	
29.9361	-3.07812	-0.626202	
29.9385	-3.06686	-0.626488	
29.9409	-3.05559	-0.626774	
29.9432	-3.04433	-0.62706	
29.9456	-3.03306	-0.627346	
29.948	-3.0218	-0.627632	
29.9504	-3.01053	-0.627918	
29.9528	-2.99927	-0.628204	
29.9552	-2.98801	-0.62849	
29.9576	-2.97674	-0.628777	
29.96	-2.96548	-0.629063	
29.9624	-2.95421	-0.629349	
29.9648	-2.94295	-0.629635	
29.9672	-2.93168	-0.629921	
29.9696	-2.92042	-0.630207	
29.972	-2.90916	-0.630493	
29.9743	-2.89789	-0.630779	
29.9767	-2.88663	-0.631065	
29.9791	-2.87536	-0.631351	
29.9815	-2.8641	-0.631637	
29.9839	-2.85283	-0.631923	
29.9863	-2.84157	-0.632209	
29.9887	-2.83031	-0.632495	
29.9911	-2.81904	-0.632781	
29.9935	-2.80778	-0.633067	
29.9959	-2.79651	-0.633353	
29.9983	-2.78525	-0.633639	
30.0007	-2.77398	-0.633925	
30.003	-2.76272	-0.634211	
30.0054	-2.75146	-0.634497	
30.0078	-2.74019	-0.634783	
30.0102	-2.72893	-0.635069	
30.0126	-2.71766	-0.635355	
30.015	-2.7064	-0.635641	
30.0174	-2.69514	-0.635927	
30.0198	-2.68387	-0.636214	
30.0222	-2.67261	-0.6365	
30.0246	-2.66134	-0.636786	
30.027	-2.65008	-0.637072	
30.0294	-2.63881	-0.637358	
30.0318	-2.62755	-0.637644	
30.0341	-2.61629	-0.63793	
30.0365	-2.60502	-0.638216	
30.0389	-2.59376	-0.638502	
30.0413	-2.58249	-0.638788	
30.0437	-2.57123	-0.639074	
30.0461	-2.55996	-0.63936	
30.0485	-2.5487	-0.639646	
30.0509	-2.53744	-0.639932	
30.0533	-2.52617	-0.640218	
30.0557	-2.51491	-0.640504	
30.0581	-2.50364	-0.64079	
30.0605	-2.49238	-0.641076	
30.0629	-2.48111	-0.641362	
30.0652	-2.46985	-0.641648	
30.0676	-2.45859	-0.641934	
30.07	-2.44732	-0.64222	
30.0724	-2.43606	-0.642506	
30.0748	-2.42479	-0.642792	
30.0772	-2.41353	-0.643078	
30.0796	-2.40226	-0.643364	
30.082	-2.391	-0.643651	
30.0844	-2.37974	-0.643937	
30.0868	-2.36847	-0.644223	
30.0892	-2.35721	-0.644509	
30.0916	-2.34594	-0.644795	
30.094	-2.33468	-0.645081	
30.0963	-2.32341	-0.645367	
30.0987	-2.31215	-0.645653	
30.1011	-2.30089	-0.645939	
30.1035	-2.28962	-0.646225	
30.1059	-2.27836	-0.646511	
30.1083	-2.26709	-0.646797	
30.1107	-2.25583	-0.647083	
30.1131	-2.24456	-0.647369	
30.1155	-2.2333	-0.647655	
30.1179	-2.22204	-0.647941	
30.1203	-2.21077	-0.648227	
30.1227	-2.19951	-0.648513	
30.1251	-2.18824	-0.648799	
30.1274	-2.17698	-0.649085	
30.1298	-2.16572	-0.649371	
30.1322	-2.15445	-0.649657	
30.1346	-2.14319	-0.649943	
30.137	-2.13192	-0.650229	
30.1394	-2.12066	-0.650515	
30.1418	-2.10939	-0.650801	
30.1442	-2.09813	-0.651088	
30.1466	-2.08687	-0.651374	
30.149	-2.0756	-0.65166	
30.1514	-2.06434	-0.651946	
30.1538	-2.05307	-0.652232	
30.1562	-2.04181	-0.652518	
30.1585	-2.03054	-0.652804	
30.1609	-2.01928	-0.65309	
30.1633	-2.00802	-0.653376	
30.1657	-1.99675	-0.653662	
30.1681	-1.98549	-0.653948	
30.1705	-1.97422	-0.654234	
30.1729	-1.96296	-0.65452	
30.1753	-1.95169	-0.654806	
30.1777	-1.94043	-0.655092	
30.1801	-1.92917	-0.655378	
30.1825	-1.9179	-0.655664	
30.1849	-1.90664	-0.65595	
30.1873	-1.89537	-0.656236	
30.1896	-1.88411	-0.656522	
30.192	-1.87284	-0.656808	
30.1944	-1.86158	-0.657094	
30.1968	-1.85032	-0.65738	
30.1992	-1.83905	-0.657666	
30.2016	-1.82779	-0.657952	
30.204	-1.81652	-0.658238	
30.2064	-1.80526	-0.658525	
30.2088	-1.79399	-0.658811	
30.2112	-1.78273	-0.659097	
30.2136	-1.77147	-0.659383	
30.216	-1.7602	-0.659669	
30.2184	-1.74894	-0.659955	
30.2207	-1.73767	-0.660241	
30.2231	-1.72641	-0.660527	
30.2255	-1.71514	-0.660813	
30.2279	-1.70388	-0.661099	
30.2303	-1.69262	-0.661385	
30.2327	-1.68135	-0.661671	
30.2351	-1.67009	-0.661957	
30.2375	-1.65882	-0.662243	
30.2399	-1.64756	-0.662529	
30.2423	-1.63629	-0.662815	
30.2447	-1.62503	-0.663101	
30.2471	-1.61377	-0.663387	
30.2494	-1.6025	-0.663673	
30.2518	-1.59124	-0.663959	
30.2542	-1.57997	-0.664245	
30.2566	-1.56871	-0.664531	
30.259	-1.55745	-0.664817	
30.2614	-1.54618	-0.665103	
30.2638	-1.53492	-0.665389	
30.2662	-1.52365	-0.665675	
30.2686	-1.51239	-0.665962	
30.271	-1.50112	-0.666248	
30.2734	-1.48986	-0.666534	
30.2758	-1.4786	-0.66682	
30.2782	-1.46733	-0.667106	
30.2805	-1.45607	-0.667392	
30.2829	-1.4448	-0.667678	
30.2853	-1.43354	-0.667964	
30.2877	-1.42227	-0.66825	
30.2901	-1.41101	-0.668536	
30.2925	-1.39975	-0.668822	
30.2949	-1.38848	-0.669108	
30.2973	-1.37722	-0.669394	
30.2997	-1.36595	-0.66968	
30.3021	-1.35469	-0.669966	
30.3045	-1.34342	-0.670252	
30.3069	-1.33216	-0.670538	
30.3093	-1.3209	-0.670824	
30.3116	-1.30963	-0.67111	
30.314	-1.29837	-0.671396	
30.3164	-1.2871	-0.671682	
30.3188	-1.27584	-0.671968	
30.3212	-1.26457	-0.672254	
30.3236	-1.25331	-0.67254	
30.326	-1.24205	-0.672826	
30.3284	-1.23078	-0.673112	
30.3308	-1.21952	-0.673399	
30.3332	-1.20825	-0.673685	
30.3356	-1.19699	-0.673971	
30.338	-1.18572	-0.674257	
30.3404	-1.17446	-0.674543	
30.3427	-1.1632	-0.674829	
30.3451	-1.15193	-0.675115	
30.3475	-1.14067	-0.675401	
30.3499	-1.1294	-0.675687	
30.3523	-1.11814	-0.675973	
30.3547	-1.10687	-0.676259	
30.3571	-1.09561	-0.676545	
30.3595	-1.08435	-0.676831	
30.3619	-1.07308	-0.677117	
30.3643	-1.06182	-0.677403	
30.3667	-1.05055	-0.677689	
30.3691	-1.03929	-0.677975	
30.3715	-1.02802	-0.678261	
30.3738	-1.01676	-0.678547	
30.3762	-1.0055	-0.678833	
30.3786	-0.994232	-0.679119	
30.381	-0.982968	-0.679405	
30.3834	-0.971704	-0.679691	
30.3858	-0.960439	-0.679977	
30.3882	-0.949175	-0.680263	
30.3906	-0.937911	-0.680549	
30.393	-0.926647	-0.680836	
30.3954	-0.915382	-0.681122	
30.3978	-0.904118	-0.681408	
30.4002	-0.892854	-0.681694	
30.4026	-0.88159	-0.68198	
30.4049	-0.870325	-0.682266	
30.4073	-0.859061	-0.682552	
30.4097	-0.847797	-0.682838	
30.4121	-0.836533	-0.683124	
30.4145	-0.825268	-0.68341	
30.4169	-0.814004	-0.683696	
30.4193	-0.80274	-0.683982	
30.4217	-0.791476	-0.684268	
30.4241	-0.780211	-0.684554	
30.4265	-0.768947	-0.68484	
30.4289	-0.757683	-0.685126	
30.4313	-0.746419	-0.685412	
30.4337	-0.735154	-0.685698	
30.436	-0.72389	-0.685984	
30.4384	-0.712626	-0.68627	
30.4408	-0.701362	-0.686556	
30.4432	-0.690097	-0.686842	
30.4456	-0.678833	-0.687128	
30.448	-0.667569	-0.687414	
30.4504	-0.656304	-0.6877	
30.4528	-0.64504	-0.687986	
30.4552	-0.633776	-0.688273	
30.4576	-0.622512	-0.688559	
30.46	-0.611247	-0.688845	
30.4624	-0.599983	-0.689131	
30.4648	-0.588719	-0.689417	
30.4671	-0.577455	-0.689703	
30.4695	-0.56619	-0.689989	
30.4719	-0.554926	-0.690275	
30.4743	-0.543662	-0.690561	
30.4767	-0.532398	-0.690847	
30.4791	-0.521133	-0.691133	
30.4815	-0.509869	-0.691419	
30.4839	-0.498605	-0.691705	
30.4863	-0.487341	-0.691991	
30.4887	-0.476076	-0.692277	
30.4911	-0.464812	-0.692563	
30.4935	-0.453548	-0.692849	
30.4958	-0.442284	-0.693135	
30.4982	-0.431019	-0.693421	
30.5006	-0.419755	-0.693707	
30.503	-0.408491	-0.693993	
30.5054	-0.397227	-0.694279	
30.5078	-0.385962	-0.694565	
30.5102	-0.374698	-0.694851	
30.5126	-0.363434	-0.695137	
30.515	-0.35217	-0.695423	
30.5174	-0.340905	-0.695709	
30.5198	-0.329641	-0.695996	
30.5222	-0.318377	-0.696282	
30.5246	-0.307112	-0.696568	
30.5269	-0.295848	-0.696854	
30.5293	-0.284584	-0.69714	
30.5317	-0.27332	-0.697426	
30.5341	-0.262055	-0.697712	
30.5365	-0.250791	-0.697998	
30.5389	-0.239527	-0.698284	
30.5413	-0.228263	-0.69857	
30.5437	-0.216998	-0.698856	
30.5461	-0.205734	-0.699142	
30.5485	-0.19447	-0.699428	
30.5509	-0.183206	-0.699714	
30.5533	-0.171941	-0.7	
30.5557	-0.160677	-0.700286	
30.558	-0.149413	-0.700572	
30.5604	-0.138149	-0.700858	
30.5628	-0.126884	-0.701144	
30.5652	-0.11562	-0.70143	
30.5676	-0.104356	-0.701716	
30.57	-0.0930916	-0.702002	
30.5724	-0.0818273	-0.702288	
30.5748	-0.0705631	-0.702574	
30.5772	-0.0592988	-0.70286	
30.5796	-0.0480346	-0.703146	
30.582	-0.0367703	-0.703433	
30.5844	-0.0255061	-0.703719	
30.5868	-0.0142418	-0.704005	
30.5891	-0.00297754	-0.704291	
30.5915	0.00828672	-0.704577	
30.5939	0.019551	-0.704863	
30.5963	0.0308152	-0.705149	
30.5987	0.0420795	-0.705435	
30.6011	0.0533437	-0.705721	
30.6035	0.064608	-0.706007	
30.6059	0.0758723	-0.706293	
30.6083	0.0871365	-0.706579	
30.6107	0.0984008	-0.706865	
30.6131	0.109665	-0.707151	
30.6155	0.120929	-0.707437	
30.6179	0.132194	-0.707723	
30.6202	0.143458	-0.708009	
30.6226	0.154722	-0.708295	
30.625	0.165986	-0.708581	
30.6274	0.177251	-0.708867	
30.6298	0.188515	-0.709153	
30.6322	0.199779	-0.709439	
30.6346	0.211043	-0.709725	
30.637	0.222308	-0.710011	
30.6394	0.233572	-0.710297	
30.6418	0.244836	-0.710583	
30.6442	0.2561	-0.71087	
30.6466	0.267365	-0.711156	
30.649	0.278629	-0.711442	
30.6513	0.289893	-0.711728	
30.6537	0.301157	-0.712014	
30.6561	0.312422	-0.7123	
30.6585	0.323686	-0.712586	
30.6609	0.33495	-0.712872	
30.6633	0.346214	-0.713158	
30.6657	0.357479	-0.713444	
30.6681	0.368743	-0.71373	
30.6705	0.380007	-0.714016	
30.6729	0.391271	-0.714302	
30.6753	0.402536	-0.714588	
30.6777	0.4138	-0.714874	
30.6801	0.425064	-0.71516	
30.6824	0.436329	-0.715446	
30.6848	0.447593	-0.715732	
30.6872	0.458857	-0.716018	
30.6896	0.470121	-0.716304	
30.692	0.481386	-0.71659	
30.6944	0.49265	-0.716876	
30.6968	0.503914	-0.717162	
30.6992	0.515178	-0.717448	
30.7016	0.526443	-0.717734	
30.704	0.537707	-0.71802	
30.7064	0.548971	-0.718307	
30.7088	0.560235	-0.718593	
30.7112	0.5715	-0.718879	
30.7135	0.582764	-0.719165	
30.7159	0.594028	-0.719451	
30.7183	0.605292	-0.719737	
30.7207	0.616557	-0.720023	
30.7231	0.627821	-0.720309	
30.7255	0.639085	-0.720595	
30.7279	0.650349	-0.720881	
30.7303	0.661614	-0.721167	
30.7327	0.672878	-0.721453	
30.7351	0.684142	-0.721739	
30.7375	0.695406	-0.722025	
30.7399	0.706671	-0.722311	
30.7422	0.717935	-0.722597	
30.7446	0.729199	-0.722883	
30.747	0.740463	-0.723169	
30.7494	0.751728	-0.723455	
30.7518	0.762992	-0.723741	
30.7542	0.774256	-0.724027	
30.7566	0.785521	-0.724313	
30.759	0.796785	-0.724599	
30.7614	0.808049	-0.724885	
30.7638	0.819313	-0.725171	
30.7662	0.830578	-0.725457	
30.7686	0.841842	-0.725744	
30.771	0.853106	-0.72603	
30.7733	0.86437	-0.726316	
30.7757	0.875635	-0.726602	
30.7781	0.886899	-0.726888	
30.7805	0.898163	-0.727174	
30.7829	0.909427	-0.72746	
30.7853	0.920692	-0.727746	
30.7877	0.931956	-0.728032	
30.7901	0.94322	-0.728318	
30.7925	0.954484	-0.728604	
30.7949	0.965749	-0.72889	
30.7973	0.977013	-0.729176	
30.7997	0.988277	-0.729462	
30.8021	0.999541	-0.729748	
30.8044	1.01081	-0.730034	
30.8068	1.02207	-0.73032	
30.8092	1.03333	-0.730606	
30.8116	1.0446	-0.730892	
30.814	1.05586	-0.731178	
30.8164	1.06713	-0.731464	
30.8188	1.07839	-0.73175	
30.8212	1.08966	-0.732036	
30.8236	1.10092	-0.732322	
30.826	1.11218	-0.732608	
30.8284	1.12345	-0.732894	
30.8308	1.13471	-0.733181	
30.8332	1.14598	-0.733467	
30.8355	1.15724	-0.733753	
30.8379	1.16851	-0.734039	
30.8403	1.17977	-0.734325	
30.8427	1.19103	-0.734611	
30.8451	1.2023	-0.734897	
30.8475	1.21356	-0.735183	
30.8499	1.22483	-0.735469	
30.8523	1.23609	-0.735755	
30.8547	1.24736	-0.736041	
30.8571	1.25862	-0.736327	
30.8595	1.26988	-0.736613	
30.8619	1.28115	-0.736899	
30.8643	1.29241	-0.737185	
30.8666	1.30368	-0.737471	
30.869	1.31494	-0.737757	
30.8714	1.3262	-0.738043	
30.8738	1.33747	-0.738329	
30.8762	1.34873	-0.738615	
30.8786	1.36	-0.738901	
30.881	1.37126	-0.739187	
30.8834	1.38253	-0.739473	
30.8858	1.39379	-0.739759	
30.8882	1.40505	-0.740045	
30.8906	1.41632	-0.740331	
30.893	1.42758	-0.740618	
30.8954	1.43885	-0.740904	
30.8977	1.45011	-0.74119	
30.9001	1.46138	-0.741476	
30.9025	1.47264	-0.741762	
30.9049	1.4839	-0.742048	
30.9073	1.49517	-0.742334	
30.9097	1.50643	-0.74262	
30.9121	1.5177	-0.742906	
30.9145	1.52896	-0.743192	
30.9169	1.54023	-0.743478	
30.9193	1.55149	-0.743764	
30.9217	1.56275	-0.74405	
30.9241	1.57402	-0.744336	
30.9265	1.58528	-0.744622	
30.9288	1.59655	-0.744908	
30.9312	1.60781	-0.745194	
30.9336	1.61908	-0.74548	
30.936	1.63034	-0.745766	
30.9384	1.6416	-0.746052	
30.9408	1.65287	-0.746338	
30.9432	1.66413	-0.746624	
30.9456	1.6754	-0.74691	
30.948	1.68666	-0.747196	
30.9504	1.69793	-0.747482	
30.9528	1.70919	-0.747768	
30.9552	1.72045	-0.748055	
30.9576	1.73172	-0.748341	
30.9599	1.74298	-0.748627	
30.9623	1.75425	-0.748913	
30.9647	1.76551	-0.749199	
30.9671	1.77678	-0.749485	
30.9695	1.78804	-0.749771	
30.9719	1.7993	-0.750057	
30.9743	1.81057	-0.750343	
30.9767	1.82183	-0.750629	
30.9791	1.8331	-0.750915	
30.9815	1.84436	-0.751201	
30.9839	1.85562	-0.751487	
30.9863	1.86689	-0.751773	
30.9886	1.87815	-0.752059	
30.991	1.88942	-0.752345	
30.9934	1.90068	-0.752631	
30.9958	1.91195	-0.752917	
30.9982	1.92321	-0.753203	
31.0006	1.93447	-0.753489	
31.003	1.94574	-0.753775	
31.0054	1.957	-0.754061	
31.0078	1.96827	-0.754347	
31.0102	1.97953	-0.754633	
31.0126	1.9908	-0.754919	
31.015	2.00206	-0.755205	
31.0174	2.01332	-0.755491	
31.0197	2.02459	-0.755778	
31.0221	2.03585	-0.756064	
31.0245	2.04712	-0.75635	
31.0269	2.05838	-0.756636	
31.0293	2.06965	-0.756922	
31.0317	2.08091	-0.757208	
31.0341	2.09217	-0.757494	
31.0365	2.10344	-0.75778	
31.0389	2.1147	-0.758066	
31.0413	2.12597	-0.758352	
31.0437	2.13723	-0.758638	
31.0461	2.1485	-0.758924	
31.0485	2.15976	-0.75921	
31.0508	2.17102	-0.759496	
31.0532	2.18229	-0.759782	
31.0556	2.19355	-0.760068	
31.058	2.20482	-0.760354	
31.0604	2.21608	-0.76064	
31.0628	2.22735	-0.760926	
31.0652	2.23861	-0.761212	
31.0676	2.24987	-0.761498	
31.07	2.26114	-0.761784	
31.0724	2.2724	-0.76207	
31.0748	2.28367	-0.762356	
31.0772	2.29493	-0.762642	
31.0796	2.3062	-0.762928	
31.0819	2.31746	-0.763215	
31.0843	2.32872	-0.763501	
31.0867	2.33999	-0.763787	
31.0891	2.35125	-0.764073	
31.0915	2.36252	-0.764359	
31.0939	2.37378	-0.764645	
31.0963	2.38505	-0.764931	
31.0987	2.39631	-0.765217	
31.1011	2.40757	-0.765503	
31.1035	2.41884	-0.765789	
31.1059	2.4301	-0.766075	
31.1083	2.44137	-0.766361	
31.1107	2.45263	-0.766647	
31.113	2.46389	-0.766933	
31.1154	2.47516	-0.767219	
31.1178	2.48642	-0.767505	
31.1202	2.49769	-0.767791	
31.1226	2.50895	-0.768077	
31.125	2.52022	-0.768363	
31.1274	2.53148	-0.768649	
31.1298	2.54274	-0.768935	
31.1322	2.55401	-0.769221	
31.1346	2.56527	-0.769507	
31.137	2.57654	-0.769793	
31.1394	2.5878	-0.770079	
31.1418	2.59907	-0.770365	
31.1441	2.61033	-0.770652	
31.1465	2.62159	-0.770938	
31.1489	2.63286	-0.771224	
31.1513	2.64412	-0.77151	
31.1537	2.65539	-0.771796	
31.1561	2.66665	-0.772082	
31.1585	2.67792	-0.772368	
31.1609	2.68918	-0.772654	
31.1633	2.70044	-0.77294	
31.1657	2.71171	-0.773226	
31.1681	2.72297	-0.773512	
31.1705	2.73424	-0.773798	
31.1729	2.7455	-0.774084	
31.1752	2.75677	-0.77437	
31.1776	2.76803	-0.774656	
31.18	2.77929	-0.774942	
31.1824	2.79056	-0.775228	
31.1848	2.80182	-0.775514	
31.1872	2.81309	-0.7758	
31.1896	2.82435	-0.776086	
31.192	2.83562	-0.776372	
31.1944	2.84688	-0.776658	
31.1968	2.85814	-0.776944	
31.1992	2.86941	-0.77723	
31.2016	2.88067	-0.777516	
31.204	2.89194	-0.777802	
31.2063	2.9032	-0.778089	
31.2087	2.91447	-0.778375	
31.2111	2.92573	-0.778661	
31.2135	2.93699	-0.778947	
31.2159	2.94826	-0.779233	
31.2183	2.95952	-0.779519	
31.2207	2.97079	-0.779805	
31.2231	2.98205	-0.780091	
31.2255	2.99332	-0.780377	
31.2279	3.00458	-0.780663	
31.2303	3.01584	-0.780949	
31.2327	3.02711	-0.781235	
31.235	3.03837	-0.781521	
31.2374	3.04964	-0.781807	
31.2398	3.0609	-0.782093	
31.2422	3.07216	-0.782379	
31.2446	3.08343	-0.782665	
31.247	3.09469	-0.782951	
31.2494	3.10596	-0.783237	
31.2518	3.11722	-0.783523	
31.2542	3.12849	-0.783809	
31.2566	3.13975	-0.784095	
31.259	3.15101	-0.784381	
31.2614	3.16228	-0.784667	
31.2638	3.17354	-0.784953	
31.2661	3.18481	-0.785239	
31.2685	3.19607	-0.785526	
31.2709	3.20734	-0.785812	
31.2733	3.2186	-0.786098	
31.2757	3.22986	-0.786384	
31.2781	3.24113	-0.78667	
31.2805	3.25239	-0.786956	
31.2829	3.26366	-0.787242	
31.2853	3.27492	-0.787528	
31.2877	3.28619	-0.787814	
31.2901	3.29745	-0.7881	
31.2925	3.30871	-0.788386	
31.2949	3.31998	-0.788672	
31.2972	3.33124	-0.788958	
31.2996	3.34251	-0.789244	
31.302	3.35377	-0.78953	
31.3044	3.36504	-0.789816	
31.3068	3.3763	-0.790102	
31.3092	3.38756	-0.790388	
31.3116	3.39883	-0.790674	
31.314	3.41009	-0.79096	
31.3164	3.42136	-0.791246	
31.3188	3.43262	-0.791532	
31.3212	3.44389	-0.791818	
31.3236	3.45515	-0.792104	
31.326	3.46641	-0.79239	
31.3283	3.47768	-0.792676	
31.3307	3.48894	-0.792963	
31.3331	3.50021	-0.793249	
31.3355	3.51147	-0.793535	
31.3379	3.52274	-0.793821	
31.3403	3.534	-0.794107	
31.3427	3.54526	-0.794393	
31.3451	3.55653	-0.794679	
31.3475	3.56779	-0.794965	
31.3499	3.57906	-0.795251	
31.3523	3.59032	-0.795537	
31.3547	3.60158	-0.795823	
31.3571	3.61285	-0.796109	
31.3594	3.62411	-0.796395	
31.3618	3.63538	-0.796681	
31.3642	3.64664	-0.796967	
31.3666	3.65791	-0.797253	
31.369	3.66917	-0.797539	
31.3714	3.68043	-0.797825	
31.3738	3.6917	-0.798111	
31.3762	3.70296	-0.798397	
31.3786	3.71423	-0.798683	
31.381	3.72549	-0.798969	
31.3834	3.73676	-0.799255	
31.3858	3.74802	-0.799541	
31.3882	3.75928	-0.799827	
31.3905	3.77055	-0.800113	
31.3929	3.78181	-0.8004	
31.3953	3.79308	-0.800686	
31.3977	3.80434	-0.800972	
31.4001	3.81561	-0.801258	
31.4025	3.82687	-0.801544	
31.4049	3.83813	-0.80183	
31.4073	3.8494	-0.802116	
31.4097	3.86066	-0.802402	
31.4121	3.87193	-0.802688	
31.4145	3.88319	-0.802974	
31.4169	3.89446	-0.80326	
31.4193	3.90572	-0.803546	
31.4216	3.91698	-0.803832	
31.424	3.92825	-0.804118	
31.4264	3.93951	-0.804404	
31.4288	3.95078	-0.80469	
31.4312	3.96204	-0.804976	
31.4336	3.97331	-0.805262	
31.436	3.98457	-0.805548	
31.4384	3.99583	-0.805834	
31.4408	4.0071	-0.80612	
31.4432	4.01836	-0.806406	
31.4456	4.02963	-0.806692	
31.448	4.04089	-0.806978	
31.4504	4.05216	-0.807264	
31.4527	4.06342	-0.80755	
31.4551	4.07468	-0.807837	
31.4575	4.08595	-0.808123	
31.4599	4.09721	-0.808409	
31.4623	4.10848	-0.808695	
31.4647	4.11974	-0.808981	
31.4671	4.13101	-0.809267	
31.4695	4.14227	-0.809553	
31.4719	4.15353	-0.809839	
31.4743	4.1648	-0.810125	
31.4767	4.17606	-0.810411	
31.4791	4.18733	-0.810697	
31.4814	4.19859	-0.810983	
31.4838	4.20985	-0.811269	
31.4862	4.22112	-0.811555	
31.4886	4.23238	-0.811841	
31.491	4.24365	-0.812127	
31.4934	4.25491	-0.812413	
31.4958	4.26618	-0.812699	
31.4982	4.27744	-0.812985	
31.5006	4.2887	-0.813271	
31.503	4.29997	-0.813557	
31.5054	4.31123	-0.813843	
31.5078	4.3225	-0.814129	
31.5102	4.33376	-0.814415	
31.5125	4.34503	-0.814701	
31.5149	4.35629	-0.814987	
31.5173	4.36755	-0.815273	
31.5197	4.37882	-0.81556	
31.5221	4.39008	-0.815846	
31.5245	4.40135	-0.816132	
31.5269	4.41261	-0.816418	
31.5293	4.42388	-0.816704	
31.5317	4.43514	-0.81699	
31.5341	4.4464	-0.817276	
31.5365	4.45767	-0.817562	
31.5389	4.46893	-0.817848	
31.5413	4.4802	-0.818134	
31.5436	4.49146	-0.81842	
31.546	4.50273	-0.818706	
31.5484	4.51399	-0.818992	
31.5508	4.52525	-0.819278	
31.5532	4.53652	-0.819564	
31.5556	4.54778	-0.81985	
31.558	4.55905	-0.820136	
31.5604	4.57031	-0.820422	
31.5628	4.58158	-0.820708	
31.5652	4.59284	-0.820994	
31.5676	4.6041	-0.82128	
31.57	4.61537	-0.821566	
31.5724	4.62663	-0.821852	
31.5747	4.6379	-0.822138	
31.5771	4.64916	-0.822424	
31.5795	4.66043	-0.82271	
31.5819	4.67169	-0.822997	
31.5843	4.68295	-0.823283	
31.5867	4.69422	-0.823569	
31.5891	4.70548	-0.823855	
31.5915	4.71675	-0.824141	
31.5939	4.72801	-0.824427	
31.5963	4.73927	-0.824713	
31.5987	4.75054	-0.824999	
31.6011	4.7618	-0.825285	
31.6035	4.77307	-0.825571	
31.6058	4.78433	-0.825857	
31.6082	4.7956	-0.826143	
31.6106	4.80686	-0.826429	
31.613	4.81812	-0.826715	
31.6154	4.82939	-0.827001	
