3.67491	-9.33086	0.0159474	
3.69276	-9.32349	0.0151087	
3.7106	-9.31612	0.01427	
3.72844	-9.30875	0.0134312	
3.74628	-9.30138	0.0125925	
3.76413	-9.294	0.0117538	
3.78197	-9.28663	0.010915	
3.79981	-9.27926	0.0100763	
3.81765	-9.27189	0.00923756	
3.8355	-9.26452	0.00839882	
3.85334	-9.25715	0.00756009	
3.87118	-9.24978	0.00672135	
3.88902	-9.24241	0.00588262	
3.90687	-9.23503	0.00504388	
3.92471	-9.22766	0.00420515	
3.94255	-9.22029	0.00336641	
3.96039	-9.21292	0.00252768	
3.97824	-9.20555	0.00168894	
3.99608	-9.19818	0.000850207	
4.01392	-9.19081	1.14721e-05	
4.03176	-9.18344	-0.000827263	
4.04961	-9.17607	-0.001666	
4.06745	-9.16869	-0.00250473	
4.08529	-9.16132	-0.00334347	
4.10313	-9.15395	-0.0041822	
4.12098	-9.14658	-0.00502094	
4.13882	-9.13921	-0.00585967	
4.15666	-9.13184	-0.00669841	
4.1745	-9.12447	-0.00753715	
4.19235	-9.1171	-0.00837588	
4.21019	-9.10973	-0.00921462	
4.22803	-9.10235	-0.0100534	
4.24587	-9.09498	-0.0108921	
4.26372	-9.08761	-0.0117308	
4.28156	-9.08024	-0.0125696	
4.2994	-9.07287	-0.0134083	
4.31724	-9.0655	-0.014247	
4.33509	-9.05813	-0.0150858	
4.35293	-9.05076	-0.0159245	
4.37077	-9.04339	-0.0167632	
4.38861	-9.03601	-0.017602	
4.40646	-9.02864	-0.0184407	
4.4243	-9.02127	-0.0192794	
4.44214	-9.0139	-0.0201182	
4.45998	-9.00653	-0.0209569	
4.47783	-8.99916	-0.0217956	
4.49567	-8.99179	-0.0226344	
4.51351	-8.98442	-0.0234731	
4.53135	-8.97704	-0.0243119	
4.5492	-8.96967	-0.0251506	
4.56704	-8.9623	-0.0259893	
4.58488	-8.95493	-0.0268281	
4.60272	-8.94756	-0.0276668	
4.62057	-8.94019	-0.0285055	
4.63841	-8.93282	-0.0293443	
4.65625	-8.92545	-0.030183	
4.67409	-8.91808	-0.0310217	
4.69194	-8.9107	-0.0318605	
4.70978	-8.90333	-0.0326992	
4.72762	-8.89596	-0.0335379	
4.74546	-8.88859	-0.0343767	
4.76331	-8.88122	-0.0352154	
4.78115	-8.87385	-0.0360542	
4.79899	-8.86648	-0.0368929	
4.81683	-8.85911	-0.0377316	
4.83468	-8.85174	-0.0385704	
4.85252	-8.84436	-0.0394091	
4.87036	-8.83699	-0.0402478	
4.8882	-8.82962	-0.0410866	
4.90605	-8.82225	-0.0419253	
4.92389	-8.81488	-0.042764	
4.94173	-8.80751	-0.0436028	
4.95957	-8.80014	-0.0444415	
4.97742	-8.79277	-0.0452802	
4.99526	-8.78539	-0.046119	
5.0131	-8.77802	-0.0469577	
5.03094	-8.77065	-0.0477965	
5.04879	-8.76328	-0.0486352	
5.06663	-8.75591	-0.0494739	
5.08447	-8.74854	-0.0503127	
5.10231	-8.74117	-0.0511514	
5.12016	-8.7338	-0.0519901	
5.138	-8.72643	-0.0528289	
5.15584	-8.71905	-0.0536676	
5.17368	-8.71168	-0.0545063	
5.19153	-8.70431	-0.0553451	
5.20937	-8.69694	-0.0561838	
5.22721	-8.68957	-0.0570225	
5.24505	-8.6822	-0.0578613	
5.2629	-8.67483	-0.0587	
5.28074	-8.66746	-0.0595388	
5.29858	-8.66009	-0.0603775	
5.31642	-8.65271	-0.0612162	
5.33427	-8.64534	-0.062055	
5.35211	-8.63797	-0.0628937	
5.36995	-8.6306	-0.0637324	
5.38779	-8.62323	-0.0645712	
5.40564	-8.61586	-0.0654099	
5.42348	-8.60849	-0.0662486	
5.44132	-8.60112	-0.0670874	
5.45916	-8.59374	-0.0679261	
5.47701	-8.58637	-0.0687648	
5.49485	-8.579	-0.0696036	
5.51269	-8.57163	-0.0704423	
5.53053	-8.56426	-0.0712811	
5.54838	-8.55689	-0.0721198	
5.56622	-8.54952	-0.0729585	
5.58406	-8.54215	-0.0737973	
5.6019	-8.53478	-0.074636	
5.61975	-8.5274	-0.0754747	
5.63759	-8.52003	-0.0763135	
5.65543	-8.51266	-0.0771522	
5.67327	-8.50529	-0.0779909	
5.69112	-8.49792	-0.0788297	
5.70896	-8.49055	-0.0796684	
5.7268	-8.48318	-0.0805072	
5.74465	-8.47581	-0.0813459	
5.76249	-8.46843	-0.0821846	
5.78033	-8.46106	-0.0830234	
5.79817	-8.45369	-0.0838621	
5.81602	-8.44632	-0.0847008	
5.83386	-8.43895	-0.0855396	
5.8517	-8.43158	-0.0863783	
5.86954	-8.42421	-0.087217	
5.88739	-8.41684	-0.0880558	
5.90523	-8.40947	-0.0888945	
5.92307	-8.40209	-0.0897332	
5.94091	-8.39472	-0.090572	
5.95876	-8.38735	-0.0914107	
5.9766	-8.37998	-0.0922495	
5.99444	-8.37261	-0.0930882	
6.01228	-8.36524	-0.0939269	
6.03013	-8.35787	-0.0947657	
6.04797	-8.3505	-0.0956044	
6.06581	-8.34312	-0.0964431	
6.08365	-8.33575	-0.0972819	
6.1015	-8.32838	-0.0981206	
6.11934	-8.32101	-0.0989593	
6.13718	-8.31364	-0.0997981	
6.15502	-8.30627	-0.100637	
6.17287	-8.2989	-0.101476	
6.19071	-8.29153	-0.102314	
6.20855	-8.28416	-0.103153	
6.22639	-8.27678	-0.103992	
6.24424	-8.26941	-0.104831	
6.26208	-8.26204	-0.105669	
6.27992	-8.25467	-0.106508	
6.29776	-8.2473	-0.107347	
6.31561	-8.23993	-0.108185	
6.33345	-8.23256	-0.109024	
6.35129	-8.22519	-0.109863	
6.36913	-8.21781	-0.110702	
6.38698	-8.21044	-0.11154	
6.40482	-8.20307	-0.112379	
6.42266	-8.1957	-0.113218	
6.4405	-8.18833	-0.114057	
6.45835	-8.18096	-0.114895	
6.47619	-8.17359	-0.115734	
6.49403	-8.16622	-0.116573	
6.51188	-8.15885	-0.117412	
6.52972	-8.15147	-0.11825	
6.54756	-8.1441	-0.119089	
6.5654	-8.13673	-0.119928	
6.58325	-8.12936	-0.120766	
6.60109	-8.12199	-0.121605	
6.61893	-8.11462	-0.122444	
6.63677	-8.10725	-0.123283	
6.65462	-8.09988	-0.124121	
6.67246	-8.0925	-0.12496	
6.6903	-8.08513	-0.125799	
6.70814	-8.07776	-0.126638	
6.72599	-8.07039	-0.127476	
6.74383	-8.06302	-0.128315	
6.76167	-8.05565	-0.129154	
6.77951	-8.04828	-0.129993	
6.79736	-8.04091	-0.130831	
6.8152	-8.03354	-0.13167	
6.83304	-8.02616	-0.132509	
6.85088	-8.01879	-0.133348	
6.86873	-8.01142	-0.134186	
6.88657	-8.00405	-0.135025	
6.90441	-7.99668	-0.135864	
6.92225	-7.98931	-0.136702	
6.9401	-7.98194	-0.137541	
6.95794	-7.97457	-0.13838	
6.97578	-7.96719	-0.139219	
6.99362	-7.95982	-0.140057	
7.01147	-7.95245	-0.140896	
7.02931	-7.94508	-0.141735	
7.04715	-7.93771	-0.142574	
7.06499	-7.93034	-0.143412	
7.08284	-7.92297	-0.144251	
7.10068	-7.9156	-0.14509	
7.11852	-7.90822	-0.145929	
7.13637	-7.90085	-0.146767	
7.15421	-7.89348	-0.147606	
7.17205	-7.88611	-0.148445	
7.18989	-7.87874	-0.149284	
7.20774	-7.87137	-0.150122	
7.22558	-7.864	-0.150961	
7.24342	-7.85663	-0.1518	
7.26126	-7.84926	-0.152638	
7.27911	-7.84188	-0.153477	
7.29695	-7.83451	-0.154316	
7.31479	-7.82714	-0.155155	
7.33263	-7.81977	-0.155993	
7.35048	-7.8124	-0.156832	
7.36832	-7.80503	-0.157671	
7.38616	-7.79766	-0.15851	
7.404	-7.79029	-0.159348	
7.42185	-7.78291	-0.160187	
7.43969	-7.77554	-0.161026	
7.45753	-7.76817	-0.161865	
7.47537	-7.7608	-0.162703	
7.49322	-7.75343	-0.163542	
7.51106	-7.74606	-0.164381	
7.5289	-7.73869	-0.16522	
7.54674	-7.73132	-0.166058	
7.56459	-7.72394	-0.166897	
7.58243	-7.71657	-0.167736	
7.60027	-7.7092	-0.168574	
7.61812	-7.70183	-0.169413	
7.63596	-7.69446	-0.170252	
7.6538	-7.68709	-0.171091	
7.67164	-7.67972	-0.171929	
7.68949	-7.67235	-0.172768	
7.70733	-7.66498	-0.173607	
7.72517	-7.6576	-0.174446	
7.74301	-7.65023	-0.175284	
7.76086	-7.64286	-0.176123	
7.7787	-7.63549	-0.176962	
7.79654	-7.62812	-0.177801	
7.81438	-7.62075	-0.178639	
7.83223	-7.61338	-0.179478	
7.85007	-7.60601	-0.180317	
7.86791	-7.59863	-0.181156	
7.88575	-7.59126	-0.181994	
7.9036	-7.58389	-0.182833	
7.92144	-7.57652	-0.183672	
7.93928	-7.56915	-0.18451	
7.95712	-7.56178	-0.185349	
7.97497	-7.55441	-0.186188	
7.99281	-7.54704	-0.187027	
8.01065	-7.53966	-0.187865	
8.0285	-7.53229	-0.188704	
8.04634	-7.52492	-0.189543	
8.06418	-7.51755	-0.190382	
8.08202	-7.51018	-0.19122	
8.09987	-7.50281	-0.192059	
8.11771	-7.49544	-0.192898	
8.13555	-7.48807	-0.193737	
8.15339	-7.48069	-0.194575	
8.17124	-7.47332	-0.195414	
8.18908	-7.46595	-0.196253	
8.20692	-7.45858	-0.197092	
8.22476	-7.45121	-0.19793	
8.24261	-7.44384	-0.198769	
8.26045	-7.43647	-0.199608	
8.27829	-7.4291	-0.200446	
8.29613	-7.42173	-0.201285	
8.31398	-7.41435	-0.202124	
8.33182	-7.40698	-0.202963	
8.34966	-7.39961	-0.203801	
8.36751	-7.39224	-0.20464	
8.38535	-7.38487	-0.205479	
8.40319	-7.3775	-0.206318	
8.42103	-7.37013	-0.207156	
8.43888	-7.36276	-0.207995	
8.45672	-7.35538	-0.208834	
8.47456	-7.34801	-0.209673	
8.4924	-7.34064	-0.210511	
8.51025	-7.33327	-0.21135	
8.52809	-7.3259	-0.212189	
8.54593	-7.31853	-0.213028	
8.56377	-7.31116	-0.213866	
8.58162	-7.30379	-0.214705	
8.59946	-7.29641	-0.215544	
8.6173	-7.28904	-0.216382	
8.63514	-7.28167	-0.217221	
8.65299	-7.2743	-0.21806	
8.67083	-7.26693	-0.218899	
8.68867	-7.25956	-0.219737	
8.70651	-7.25219	-0.220576	
8.72436	-7.24482	-0.221415	
8.7422	-7.23744	-0.222254	
8.76004	-7.23007	-0.223092	
8.77789	-7.2227	-0.223931	
8.79573	-7.21533	-0.22477	
8.81357	-7.20796	-0.225609	
8.83141	-7.20059	-0.226447	
8.84926	-7.19322	-0.227286	
8.8671	-7.18585	-0.228125	
8.88494	-7.17847	-0.228964	
8.90278	-7.1711	-0.229802	
8.92063	-7.16373	-0.230641	
8.93847	-7.15636	-0.23148	
8.95631	-7.14899	-0.232319	
8.97415	-7.14162	-0.233157	
8.992	-7.13425	-0.233996	
9.00984	-7.12688	-0.234835	
9.02768	-7.1195	-0.235673	
9.04553	-7.11213	-0.236512	
9.06337	-7.10476	-0.237351	
9.08121	-7.09739	-0.23819	
9.09905	-7.09002	-0.239028	
9.1169	-7.08265	-0.239867	
9.13474	-7.07528	-0.240706	
9.15258	-7.06791	-0.241545	
9.17042	-7.06053	-0.242383	
9.18827	-7.05316	-0.243222	
9.20611	-7.04579	-0.244061	
9.22395	-7.03842	-0.2449	
9.24179	-7.03105	-0.245738	
9.25964	-7.02368	-0.246577	
9.27748	-7.01631	-0.247416	
9.29532	-7.00894	-0.248255	
9.31316	-7.00156	-0.249093	
9.33101	-6.99419	-0.249932	
9.34885	-6.98682	-0.250771	
9.36669	-6.97945	-0.251609	
9.38454	-6.97208	-0.252448	
9.40238	-6.96471	-0.253287	
9.42022	-6.95734	-0.254126	
9.43806	-6.94997	-0.254964	
9.45591	-6.94259	-0.255803	
9.47375	-6.93522	-0.256642	
9.49159	-6.92785	-0.257481	
9.50943	-6.92048	-0.258319	
9.52728	-6.91311	-0.259158	
9.54512	-6.90574	-0.259997	
9.56296	-6.89837	-0.260836	
9.5808	-6.891	-0.261674	
9.59865	-6.88362	-0.262513	
9.61649	-6.87625	-0.263352	
9.63433	-6.86888	-0.264191	
9.65218	-6.86151	-0.265029	
9.67002	-6.85414	-0.265868	
9.68786	-6.84677	-0.266707	
9.7057	-6.8394	-0.267545	
9.72355	-6.83203	-0.268384	
9.74139	-6.82465	-0.269223	
9.75923	-6.81728	-0.270062	
9.77707	-6.80991	-0.2709	
9.79492	-6.80254	-0.271739	
9.81276	-6.79517	-0.272578	
9.8306	-6.7878	-0.273417	
9.84844	-6.78043	-0.274255	
9.86629	-6.77306	-0.275094	
9.88413	-6.76568	-0.275933	
9.90197	-6.75831	-0.276772	
9.91982	-6.75094	-0.27761	
9.93766	-6.74357	-0.278449	
9.9555	-6.7362	-0.279288	
9.97334	-6.72883	-0.280127	
9.99119	-6.72146	-0.280965	
10.009	-6.71409	-0.281804	
10.0269	-6.70671	-0.282643	
10.0447	-6.69934	-0.283482	
10.0626	-6.69197	-0.28432	
10.0804	-6.6846	-0.285159	
10.0982	-6.67723	-0.285998	
10.1161	-6.66986	-0.286836	
10.1339	-6.66249	-0.287675	
10.1518	-6.65512	-0.288514	
10.1696	-6.64774	-0.289353	
10.1875	-6.64037	-0.290191	
10.2053	-6.633	-0.29103	
10.2231	-6.62563	-0.291869	
10.241	-6.61826	-0.292708	
10.2588	-6.61089	-0.293546	
10.2767	-6.60352	-0.294385	
10.2945	-6.59615	-0.295224	
10.3124	-6.58877	-0.296063	
10.3302	-6.5814	-0.296901	
10.348	-6.57403	-0.29774	
10.3659	-6.56666	-0.298579	
10.3837	-6.55929	-0.299418	
10.4016	-6.55192	-0.300256	
10.4194	-6.54455	-0.301095	
10.4373	-6.53718	-0.301934	
10.4551	-6.5298	-0.302772	
10.4729	-6.52243	-0.303611	
10.4908	-6.51506	-0.30445	
10.5086	-6.50769	-0.305289	
10.5265	-6.50032	-0.306127	
10.5443	-6.49295	-0.306966	
10.5622	-6.48558	-0.307805	
10.58	-6.47821	-0.308644	
10.5978	-6.47083	-0.309482	
10.6157	-6.46346	-0.310321	
10.6335	-6.45609	-0.31116	
10.6514	-6.44872	-0.311999	
10.6692	-6.44135	-0.312837	
10.6871	-6.43398	-0.313676	
10.7049	-6.42661	-0.314515	
10.7227	-6.41923	-0.315354	
10.7406	-6.41186	-0.316192	
10.7584	-6.40449	-0.317031	
10.7763	-6.39712	-0.31787	
10.7941	-6.38975	-0.318708	
10.8119	-6.38238	-0.319547	
10.8298	-6.37501	-0.320386	
10.8476	-6.36764	-0.321225	
10.8655	-6.36026	-0.322063	
10.8833	-6.35289	-0.322902	
10.9012	-6.34552	-0.323741	
10.919	-6.33815	-0.32458	
10.9368	-6.33078	-0.325418	
10.9547	-6.32341	-0.326257	
10.9725	-6.31604	-0.327096	
10.9904	-6.30867	-0.327935	
11.0082	-6.30129	-0.328773	
11.0261	-6.29392	-0.329612	
11.0439	-6.28655	-0.330451	
11.0617	-6.27918	-0.33129	
11.0796	-6.27181	-0.332128	
11.0974	-6.26444	-0.332967	
11.1153	-6.25707	-0.333806	
11.1331	-6.2497	-0.334645	
11.151	-6.24232	-0.335483	
11.1688	-6.23495	-0.336322	
11.1866	-6.22758	-0.337161	
11.2045	-6.22021	-0.337999	
11.2223	-6.21284	-0.338838	
11.2402	-6.20547	-0.339677	
11.258	-6.1981	-0.340516	
11.2759	-6.19072	-0.341354	
11.2937	-6.18335	-0.342193	
11.3115	-6.17598	-0.343032	
11.3294	-6.16861	-0.343871	
11.3472	-6.16124	-0.344709	
11.3651	-6.15387	-0.345548	
11.3829	-6.1465	-0.346387	
11.4008	-6.13913	-0.347226	
11.4186	-6.13175	-0.348064	
11.4364	-6.12438	-0.348903	
11.4543	-6.11701	-0.349742	
11.4721	-6.10964	-0.350581	
11.49	-6.10227	-0.351419	
11.5078	-6.0949	-0.352258	
11.5257	-6.08753	-0.353097	
11.5435	-6.08016	-0.353935	
11.5613	-6.07278	-0.354774	
11.5792	-6.06541	-0.355613	
11.597	-6.05804	-0.356452	
11.6149	-6.05067	-0.35729	
11.6327	-6.0433	-0.358129	
11.6506	-6.03593	-0.358968	
11.6684	-6.02856	-0.359807	
11.6862	-6.02118	-0.360645	
11.7041	-6.01381	-0.361484	
11.7219	-6.00644	-0.362323	
11.7398	-5.99907	-0.363162	
11.7576	-5.9917	-0.364	
11.7755	-5.98433	-0.364839	
11.7933	-5.97696	-0.365678	
11.8111	-5.96959	-0.366517	
11.829	-5.96221	-0.367355	
11.8468	-5.95484	-0.368194	
11.8647	-5.94747	-0.369033	
11.8825	-5.9401	-0.369872	
11.9004	-5.93273	-0.37071	
11.9182	-5.92536	-0.371549	
11.936	-5.91799	-0.372388	
11.9539	-5.91062	-0.373226	
11.9717	-5.90324	-0.374065	
11.9896	-5.89587	-0.374904	
12.0074	-5.8885	-0.375743	
12.0253	-5.88113	-0.376581	
12.0431	-5.87376	-0.37742	
12.0609	-5.86639	-0.378259	
12.0788	-5.85902	-0.379098	
12.0966	-5.85164	-0.379936	
12.1145	-5.84427	-0.380775	
12.1323	-5.8369	-0.381614	
12.1502	-5.82953	-0.382453	
12.168	-5.82216	-0.383291	
12.1858	-5.81479	-0.38413	
12.2037	-5.80742	-0.384969	
12.2215	-5.80005	-0.385808	
12.2394	-5.79267	-0.386646	
12.2572	-5.7853	-0.387485	
12.2751	-5.77793	-0.388324	
12.2929	-5.77056	-0.389163	
12.3107	-5.76319	-0.390001	
12.3286	-5.75582	-0.39084	
12.3464	-5.74845	-0.391679	
12.3643	-5.74107	-0.392517	
12.3821	-5.7337	-0.393356	
12.4	-5.72633	-0.394195	
12.4178	-5.71896	-0.395034	
12.4356	-5.71159	-0.395872	
12.4535	-5.70422	-0.396711	
12.4713	-5.69685	-0.39755	
12.4892	-5.68948	-0.398389	
12.507	-5.6821	-0.399227	
12.5249	-5.67473	-0.400066	
12.5427	-5.66736	-0.400905	
12.5605	-5.65999	-0.401744	
12.5784	-5.65262	-0.402582	
12.5962	-5.64525	-0.403421	
12.6141	-5.63788	-0.40426	
12.6319	-5.6305	-0.405099	
12.6497	-5.62313	-0.405937	
12.6676	-5.61576	-0.406776	
12.6854	-5.60839	-0.407615	
12.7033	-5.60102	-0.408453	
12.7211	-5.59365	-0.409292	
12.739	-5.58628	-0.410131	
12.7568	-5.57891	-0.41097	
12.7746	-5.57153	-0.411808	
12.7925	-5.56416	-0.412647	
12.8103	-5.55679	-0.413486	
12.8282	-5.54942	-0.414325	
12.846	-5.54205	-0.415163	
12.8639	-5.53468	-0.416002	
12.8817	-5.52731	-0.416841	
12.8995	-5.51993	-0.41768	
12.9174	-5.51256	-0.418518	
12.9352	-5.50519	-0.419357	
12.9531	-5.49782	-0.420196	
12.9709	-5.49045	-0.421035	
12.9888	-5.48308	-0.421873	
13.0066	-5.47571	-0.422712	
13.0244	-5.46834	-0.423551	
13.0423	-5.46096	-0.42439	
13.0601	-5.45359	-0.425228	
13.078	-5.44622	-0.426067	
13.0958	-5.43885	-0.426906	
13.1137	-5.43148	-0.427744	
13.1315	-5.42411	-0.428583	
13.1493	-5.41674	-0.429422	
13.1672	-5.40936	-0.430261	
13.185	-5.40199	-0.431099	
13.2029	-5.39462	-0.431938	
13.2207	-5.38725	-0.432777	
13.2386	-5.37988	-0.433616	
13.2564	-5.37251	-0.434454	
13.2742	-5.36514	-0.435293	
13.2921	-5.35777	-0.436132	
13.3099	-5.35039	-0.436971	
13.3278	-5.34302	-0.437809	
13.3456	-5.33565	-0.438648	
13.3635	-5.32828	-0.439487	
13.3813	-5.32091	-0.440326	
13.3991	-5.31354	-0.441164	
13.417	-5.30617	-0.442003	
13.4348	-5.29879	-0.442842	
13.4527	-5.29142	-0.443681	
13.4705	-5.28405	-0.444519	
13.4884	-5.27668	-0.445358	
13.5062	-5.26931	-0.446197	
13.524	-5.26194	-0.447035	
13.5419	-5.25457	-0.447874	
13.5597	-5.24719	-0.448713	
13.5776	-5.23982	-0.449552	
13.5954	-5.23245	-0.45039	
13.6133	-5.22508	-0.451229	
13.6311	-5.21771	-0.452068	
13.6489	-5.21034	-0.452907	
13.6668	-5.20297	-0.453745	
13.6846	-5.1956	-0.454584	
13.7025	-5.18822	-0.455423	
13.7203	-5.18085	-0.456262	
13.7382	-5.17348	-0.4571	
13.756	-5.16611	-0.457939	
13.7738	-5.15874	-0.458778	
13.7917	-5.15137	-0.459617	
13.8095	-5.144	-0.460455	
13.8274	-5.13662	-0.461294	
13.8452	-5.12925	-0.462133	
13.8631	-5.12188	-0.462972	
13.8809	-5.11451	-0.46381	
13.8987	-5.10714	-0.464649	
13.9166	-5.09977	-0.465488	
13.9344	-5.0924	-0.466326	
13.9523	-5.08502	-0.467165	
13.9701	-5.07765	-0.468004	
13.988	-5.07028	-0.468843	
14.0058	-5.06291	-0.469681	
14.0236	-5.05554	-0.47052	
14.0415	-5.04817	-0.471359	
14.0593	-5.0408	-0.472198	
14.0772	-5.03343	-0.473036	
14.095	-5.02605	-0.473875	
14.1129	-5.01868	-0.474714	
14.1307	-5.01131	-0.475553	
14.1485	-5.00394	-0.476391	
14.1664	-4.99657	-0.47723	
14.1842	-4.9892	-0.478069	
14.2021	-4.98183	-0.478908	
14.2199	-4.97445	-0.479746	
14.2378	-4.96708	-0.480585	
14.2556	-4.95971	-0.481424	
14.2734	-4.95234	-0.482263	
14.2913	-4.94497	-0.483101	
14.3091	-4.9376	-0.48394	
14.327	-4.93023	-0.484779	
14.3448	-4.92285	-0.485617	
14.3627	-4.91548	-0.486456	
14.3805	-4.90811	-0.487295	
14.3983	-4.90074	-0.488134	
14.4162	-4.89337	-0.488972	
14.434	-4.886	-0.489811	
14.4519	-4.87863	-0.49065	
14.4697	-4.87125	-0.491489	
14.4876	-4.86388	-0.492327	
14.5054	-4.85651	-0.493166	
14.5232	-4.84914	-0.494005	
14.5411	-4.84177	-0.494844	
14.5589	-4.8344	-0.495682	
14.5768	-4.82703	-0.496521	
14.5946	-4.81965	-0.49736	
14.6125	-4.81228	-0.498199	
14.6303	-4.80491	-0.499037	
14.6481	-4.79754	-0.499876	
14.666	-4.79017	-0.500715	
14.6838	-4.7828	-0.501553	
14.7017	-4.77543	-0.502392	
14.7195	-4.76806	-0.503231	
14.7374	-4.76068	-0.50407	
14.7552	-4.75331	-0.504908	
14.773	-4.74594	-0.505747	
14.7909	-4.73857	-0.506586	
14.8087	-4.7312	-0.507425	
14.8266	-4.72383	-0.508263	
14.8444	-4.71646	-0.509102	
14.8623	-4.70908	-0.509941	
14.8801	-4.70171	-0.51078	
14.8979	-4.69434	-0.511618	
14.9158	-4.68697	-0.512457	
14.9336	-4.6796	-0.513296	
14.9515	-4.67223	-0.514135	
14.9693	-4.66486	-0.514973	
14.9872	-4.65748	-0.515812	
15.005	-4.65011	-0.516651	
15.0228	-4.64274	-0.51749	
15.0407	-4.63537	-0.518328	
15.0585	-4.628	-0.519167	
15.0764	-4.62063	-0.520006	
15.0942	-4.61326	-0.520844	
15.1121	-4.60588	-0.521683	
15.1299	-4.59851	-0.522522	
15.1477	-4.59114	-0.523361	
15.1656	-4.58377	-0.524199	
15.1834	-4.5764	-0.525038	
15.2013	-4.56903	-0.525877	
15.2191	-4.56166	-0.526716	
15.237	-4.55428	-0.527554	
15.2548	-4.54691	-0.528393	
15.2726	-4.53954	-0.529232	
15.2905	-4.53217	-0.530071	
15.3083	-4.5248	-0.530909	
15.3262	-4.51743	-0.531748	
15.344	-4.51006	-0.532587	
15.3619	-4.50268	-0.533426	
15.3797	-4.49531	-0.534264	
15.3975	-4.48794	-0.535103	
15.4154	-4.48057	-0.535942	
15.4332	-4.4732	-0.536781	
15.4511	-4.46583	-0.537619	
15.4689	-4.45846	-0.538458	
15.4868	-4.45108	-0.539297	
15.5046	-4.44371	-0.540135	
15.5224	-4.43634	-0.540974	
15.5403	-4.42897	-0.541813	
15.5581	-4.4216	-0.542652	
15.576	-4.41423	-0.54349	
15.5938	-4.40686	-0.544329	
15.6117	-4.39948	-0.545168	
15.6295	-4.39211	-0.546007	
15.6473	-4.38474	-0.546845	
15.6652	-4.37737	-0.547684	
15.683	-4.37	-0.548523	
15.7009	-4.36263	-0.549362	
15.7187	-4.35526	-0.5502	
15.7366	-4.34788	-0.551039	
15.7544	-4.34051	-0.551878	
15.7722	-4.33314	-0.552717	
15.7901	-4.32577	-0.553555	
15.8079	-4.3184	-0.554394	
15.8258	-4.31103	-0.555233	
15.8436	-4.30366	-0.556072	
15.8615	-4.29628	-0.55691	
15.8793	-4.28891	-0.557749	
15.8971	-4.28154	-0.558588	
15.915	-4.27417	-0.559426	
15.9328	-4.2668	-0.560265	
15.9507	-4.25943	-0.561104	
15.9685	-4.25206	-0.561943	
15.9864	-4.24468	-0.562781	
16.0042	-4.23731	-0.56362	
16.022	-4.22994	-0.564459	
16.0399	-4.22257	-0.565298	
16.0577	-4.2152	-0.566136	
16.0756	-4.20783	-0.566975	
16.0934	-4.20046	-0.567814	
16.1113	-4.19308	-0.568653	
16.1291	-4.18571	-0.569491	
16.1469	-4.17834	-0.57033	
16.1648	-4.17097	-0.571169	
16.1826	-4.1636	-0.572008	
16.2005	-4.15623	-0.572846	
16.2183	-4.14886	-0.573685	
16.2362	-4.14148	-0.574524	
16.254	-4.13411	-0.575363	
16.2718	-4.12674	-0.576201	
16.2897	-4.11937	-0.57704	
16.3075	-4.112	-0.577879	
16.3254	-4.10463	-0.578717	
16.3432	-4.09726	-0.579556	
16.3611	-4.08988	-0.580395	
16.3789	-4.08251	-0.581234	
16.3967	-4.07514	-0.582072	
16.4146	-4.06777	-0.582911	
16.4324	-4.0604	-0.58375	
16.4503	-4.05303	-0.584589	
16.4681	-4.04566	-0.585427	
16.486	-4.03828	-0.586266	
16.5038	-4.03091	-0.587105	
16.5216	-4.02354	-0.587944	
16.5395	-4.01617	-0.588782	
16.5573	-4.0088	-0.589621	
16.5752	-4.00143	-0.59046	
16.593	-3.99406	-0.591299	
16.6109	-3.98668	-0.592137	
16.6287	-3.97931	-0.592976	
16.6465	-3.97194	-0.593815	
16.6644	-3.96457	-0.594654	
16.6822	-3.9572	-0.595492	
16.7001	-3.94983	-0.596331	
16.7179	-3.94246	-0.59717	
16.7358	-3.93508	-0.598008	
16.7536	-3.92771	-0.598847	
16.7714	-3.92034	-0.599686	
16.7893	-3.91297	-0.600525	
16.8071	-3.9056	-0.601363	
16.825	-3.89823	-0.602202	
16.8428	-3.89086	-0.603041	
16.8607	-3.88348	-0.60388	
16.8785	-3.87611	-0.604718	
16.8963	-3.86874	-0.605557	
16.9142	-3.86137	-0.606396	
16.932	-3.854	-0.607235	
16.9499	-3.84663	-0.608073	
16.9677	-3.83925	-0.608912	
16.9856	-3.83188	-0.609751	
17.0034	-3.82451	-0.61059	
17.0212	-3.81714	-0.611428	
17.0391	-3.80977	-0.612267	
17.0569	-3.8024	-0.613106	
17.0748	-3.79503	-0.613945	
17.0926	-3.78765	-0.614783	
17.1105	-3.78028	-0.615622	
17.1283	-3.77291	-0.616461	
17.1461	-3.76554	-0.6173	
17.164	-3.75817	-0.618138	
17.1818	-3.7508	-0.618977	
17.1997	-3.74343	-0.619816	
17.2175	-3.73605	-0.620654	
17.2354	-3.72868	-0.621493	
17.2532	-3.72131	-0.622332	
17.271	-3.71394	-0.623171	
17.2889	-3.70657	-0.624009	
17.3067	-3.6992	-0.624848	
17.3246	-3.69183	-0.625687	
17.3424	-3.68445	-0.626526	
17.3603	-3.67708	-0.627364	
17.3781	-3.66971	-0.628203	
17.3959	-3.66234	-0.629042	
17.4138	-3.65497	-0.629881	
17.4316	-3.6476	-0.630719	
17.4495	-3.64022	-0.631558	
17.4673	-3.63285	-0.632397	
17.4852	-3.62548	-0.633236	
17.503	-3.61811	-0.634074	
17.5208	-3.61074	-0.634913	
17.5387	-3.60337	-0.635752	
17.5565	-3.596	-0.636591	
17.5744	-3.58862	-0.637429	
17.5922	-3.58125	-0.638268	
17.6101	-3.57388	-0.639107	
17.6279	-3.56651	-0.639945	
17.6457	-3.55914	-0.640784	
17.6636	-3.55177	-0.641623	
17.6814	-3.5444	-0.642462	
17.6993	-3.53702	-0.6433	
17.7171	-3.52965	-0.644139	
17.735	-3.52228	-0.644978	
17.7528	-3.51491	-0.645817	
17.7706	-3.50754	-0.646655	
17.7885	-3.50017	-0.647494	
17.8063	-3.4928	-0.648333	
17.8242	-3.48542	-0.649172	
17.842	-3.47805	-0.65001	
17.8599	-3.47068	-0.650849	
17.8777	-3.46331	-0.651688	
17.8955	-3.45594	-0.652527	
17.9134	-3.44857	-0.653365	
17.9312	-3.44119	-0.654204	
17.9491	-3.43382	-0.655043	
17.9669	-3.42645	-0.655882	
17.9848	-3.41908	-0.65672	
18.0026	-3.41171	-0.657559	
18.0204	-3.40434	-0.658398	
18.0383	-3.39697	-0.659236	
18.0561	-3.38959	-0.660075	
18.074	-3.38222	-0.660914	
18.0918	-3.37485	-0.661753	
18.1097	-3.36748	-0.662591	
18.1275	-3.36011	-0.66343	
18.1453	-3.35274	-0.664269	
18.1632	-3.34537	-0.665108	
18.181	-3.33799	-0.665946	
18.1989	-3.33062	-0.666785	
18.2167	-3.32325	-0.667624	
18.2346	-3.31588	-0.668463	
18.2524	-3.30851	-0.669301	
18.2702	-3.30114	-0.67014	
18.2881	-3.29376	-0.670979	
18.3059	-3.28639	-0.671818	
18.3238	-3.27902	-0.672656	
18.3416	-3.27165	-0.673495	
18.3595	-3.26428	-0.674334	
18.3773	-3.25691	-0.675173	
18.3951	-3.24954	-0.676011	
18.413	-3.24216	-0.67685	
18.4308	-3.23479	-0.677689	
18.4487	-3.22742	-0.678527	
18.4665	-3.22005	-0.679366	
18.4844	-3.21268	-0.680205	
18.5022	-3.20531	-0.681044	
18.52	-3.19793	-0.681882	
18.5379	-3.19056	-0.682721	
18.5557	-3.18319	-0.68356	
18.5736	-3.17582	-0.684399	
18.5914	-3.16845	-0.685237	
18.6093	-3.16108	-0.686076	
18.6271	-3.15371	-0.686915	
18.6449	-3.14633	-0.687754	
18.6628	-3.13896	-0.688592	
18.6806	-3.13159	-0.689431	
18.6985	-3.12422	-0.69027	
18.7163	-3.11685	-0.691109	
18.7342	-3.10948	-0.691947	
18.752	-3.1021	-0.692786	
18.7698	-3.09473	-0.693625	
18.7877	-3.08736	-0.694464	
18.8055	-3.07999	-0.695302	
18.8234	-3.07262	-0.696141	
18.8412	-3.06525	-0.69698	
18.8591	-3.05788	-0.697818	
18.8769	-3.0505	-0.698657	
18.8948	-3.04313	-0.699496	
18.9126	-3.03576	-0.700335	
18.9304	-3.02839	-0.701173	
18.9483	-3.02102	-0.702012	
18.9661	-3.01365	-0.702851	
18.984	-3.00627	-0.70369	
19.0018	-2.9989	-0.704528	
19.0197	-2.99153	-0.705367	
19.0375	-2.98416	-0.706206	
19.0553	-2.97679	-0.707045	
19.0732	-2.96942	-0.707883	
19.091	-2.96205	-0.708722	
19.1089	-2.95467	-0.709561	
19.1267	-2.9473	-0.7104	
19.1446	-2.93993	-0.711238	
19.1624	-2.93256	-0.712077	
19.1802	-2.92519	-0.712916	
19.1981	-2.91782	-0.713755	
19.2159	-2.91044	-0.714593	
19.2338	-2.90307	-0.715432	
19.2516	-2.8957	-0.716271	
19.2695	-2.88833	-0.717109	
19.2873	-2.88096	-0.717948	
19.3051	-2.87359	-0.718787	
19.323	-2.86622	-0.719626	
19.3408	-2.85884	-0.720464	
19.3587	-2.85147	-0.721303	
19.3765	-2.8441	-0.722142	
19.3944	-2.83673	-0.722981	
19.4122	-2.82936	-0.723819	
19.43	-2.82199	-0.724658	
19.4479	-2.81461	-0.725497	
19.4657	-2.80724	-0.726336	
19.4836	-2.79987	-0.727174	
19.5014	-2.7925	-0.728013	
19.5193	-2.78513	-0.728852	
19.5371	-2.77776	-0.729691	
19.5549	-2.77039	-0.730529	
19.5728	-2.76301	-0.731368	
19.5906	-2.75564	-0.732207	
19.6085	-2.74827	-0.733046	
19.6263	-2.7409	-0.733884	
19.6442	-2.73353	-0.734723	
19.662	-2.72616	-0.735562	
19.6798	-2.71878	-0.7364	
19.6977	-2.71141	-0.737239	
19.7155	-2.70404	-0.738078	
19.7334	-2.69667	-0.738917	
19.7512	-2.6893	-0.739755	
19.7691	-2.68193	-0.740594	
19.7869	-2.67455	-0.741433	
19.8047	-2.66718	-0.742272	
19.8226	-2.65981	-0.74311	
19.8404	-2.65244	-0.743949	
19.8583	-2.64507	-0.744788	
19.8761	-2.6377	-0.745627	
19.894	-2.63033	-0.746465	
19.9118	-2.62295	-0.747304	
19.9296	-2.61558	-0.748143	
19.9475	-2.60821	-0.748982	
19.9653	-2.60084	-0.74982	
19.9832	-2.59347	-0.750659	
20.001	-2.5861	-0.751498	
20.0189	-2.57872	-0.752337	
20.0367	-2.57135	-0.753175	
20.0545	-2.56398	-0.754014	
20.0724	-2.55661	-0.754853	
20.0902	-2.54924	-0.755691	
20.1081	-2.54187	-0.75653	
20.1259	-2.53449	-0.757369	
20.1438	-2.52712	-0.758208	
20.1616	-2.51975	-0.759046	
20.1794	-2.51238	-0.759885	
20.1973	-2.50501	-0.760724	
20.2151	-2.49764	-0.761563	
20.233	-2.49026	-0.762401	
20.2508	-2.48289	-0.76324	
20.2687	-2.47552	-0.764079	
20.2865	-2.46815	-0.764918	
20.3043	-2.46078	-0.765756	
20.3222	-2.45341	-0.766595	
20.34	-2.44604	-0.767434	
20.3579	-2.43866	-0.768273	
20.3757	-2.43129	-0.769111	
20.3936	-2.42392	-0.76995	
20.4114	-2.41655	-0.770789	
20.4293	-2.40918	-0.771628	
20.4471	-2.40181	-0.772466	
20.4649	-2.39443	-0.773305	
20.4828	-2.38706	-0.774144	
20.5006	-2.37969	-0.774983	
20.5185	-2.37232	-0.775821	
20.5363	-2.36495	-0.77666	
20.5542	-2.35758	-0.777499	
20.572	-2.3502	-0.778337	
20.5898	-2.34283	-0.779176	
20.6077	-2.33546	-0.780015	
20.6255	-2.32809	-0.780854	
20.6434	-2.32072	-0.781692	
20.6612	-2.31335	-0.782531	
20.6791	-2.30597	-0.78337	
20.6969	-2.2986	-0.784209	
20.7147	-2.29123	-0.785047	
20.7326	-2.28386	-0.785886	
20.7504	-2.27649	-0.786725	
20.7683	-2.26912	-0.787564	
20.7861	-2.26175	-0.788402	
20.804	-2.25437	-0.789241	
20.8218	-2.247	-0.79008	
20.8396	-2.23963	-0.790919	
20.8575	-2.23226	-0.791757	
20.8753	-2.22489	-0.792596	
20.8932	-2.21752	-0.793435	
20.911	-2.21014	-0.794274	
20.9289	-2.20277	-0.795112	
20.9467	-2.1954	-0.795951	
20.9645	-2.18803	-0.79679	
20.9824	-2.18066	-0.797628	
21.0002	-2.17329	-0.798467	
21.0181	-2.16591	-0.799306	
21.0359	-2.15854	-0.800145	
21.0538	-2.15117	-0.800983	
21.0716	-2.1438	-0.801822	
21.0894	-2.13643	-0.802661	
21.1073	-2.12906	-0.8035	
21.1251	-2.12168	-0.804338	
21.143	-2.11431	-0.805177	
21.1608	-2.10694	-0.806016	
21.1787	-2.09957	-0.806855	
21.1965	-2.0922	-0.807693	
21.2143	-2.08483	-0.808532	
21.2322	-2.07745	-0.809371	
21.25	-2.07008	-0.81021	
21.2679	-2.06271	-0.811048	
21.2857	-2.05534	-0.811887	
21.3036	-2.04797	-0.812726	
21.3214	-2.0406	-0.813565	
21.3392	-2.03322	-0.814403	
21.3571	-2.02585	-0.815242	
21.3749	-2.01848	-0.816081	
21.3928	-2.01111	-0.816919	
21.4106	-2.00374	-0.817758	
21.4285	-1.99637	-0.818597	
21.4463	-1.98899	-0.819436	
21.4642	-1.98162	-0.820274	
21.482	-1.97425	-0.821113	
21.4998	-1.96688	-0.821952	
21.5177	-1.95951	-0.822791	
