-0.00359454	0.00748528	1.74031e-05	
-0.00362524	0.00747888	1.82492e-05	
-0.00365592	0.00747234	1.90949e-05	
-0.00368656	0.00746566	1.99401e-05	
-0.00371718	0.00745883	2.07847e-05	
-0.00374777	0.00745187	2.16288e-05	
-0.00377833	0.00744476	2.24725e-05	
-0.00380885	0.00743752	2.33156e-05	
-0.00383936	0.00743013	2.41584e-05	
-0.00386983	0.00742262	2.50008e-05	
-0.00390028	0.00741496	2.58428e-05	
-0.0039307	0.00740716	2.66846e-05	
-0.0039611	0.00739923	2.75262e-05	
-0.00399147	0.00739116	2.83676e-05	
-0.00402181	0.00738296	2.92088e-05	
-0.00405213	0.00737461	3.00498e-05	
-0.00408242	0.00736613	3.08906e-05	
-0.00411269	0.0073575	3.17314e-05	
-0.00414293	0.00734874	3.2572e-05	
-0.00417314	0.00733984	3.34124e-05	
-0.00420332	0.0073308	3.42528e-05	
-0.00423348	0.00732161	3.5093e-05	
-0.00426361	0.00731229	3.59331e-05	
-0.00429371	0.00730283	3.6773e-05	
-0.00432377	0.00729323	3.76128e-05	
-0.00435381	0.00728349	3.84525e-05	
-0.00438382	0.00727361	3.9292e-05	
-0.0044138	0.00726359	4.01313e-05	
-0.00444374	0.00725343	4.09705e-05	
-0.00447365	0.00724313	4.18095e-05	
-0.00450353	0.00723269	4.26483e-05	
-0.00453337	0.00722212	4.34869e-05	
-0.00456318	0.0072114	4.43252e-05	
-0.00459295	0.00720054	4.51634e-05	
-0.00462269	0.00718955	4.60012e-05	
-0.00465239	0.00717842	4.68389e-05	
-0.00468205	0.00716715	4.76762e-05	
-0.00471168	0.00715574	4.85133e-05	
-0.00474127	0.00714419	4.93501e-05	
-0.00477081	0.00713251	5.01866e-05	
-0.00480032	0.00712068	5.10228e-05	
-0.00482979	0.00710873	5.18586e-05	
-0.00485921	0.00709663	5.2694e-05	
-0.00488859	0.0070844	5.35291e-05	
-0.00491793	0.00707204	5.43639e-05	
-0.00494723	0.00705954	5.51982e-05	
-0.00497649	0.0070469	5.60321e-05	
-0.0050057	0.00703413	5.68657e-05	
-0.00503486	0.00702123	5.76987e-05	
-0.00506398	0.00700819	5.85314e-05	
-0.00509306	0.00699502	5.93636e-05	
-0.00512209	0.00698171	6.01953e-05	
-0.00515107	0.00696828	6.10265e-05	
-0.00518	0.00695471	6.18572e-05	
-0.00520888	0.00694101	6.26874e-05	
-0.00523772	0.00692718	6.35171e-05	
-0.00526651	0.00691322	6.43462e-05	
-0.00529525	0.00689913	6.51748e-05	
-0.00532393	0.00688491	6.60028e-05	
-0.00535257	0.00687056	6.68302e-05	
-0.00538116	0.00685609	6.76571e-05	
-0.00540969	0.00684148	6.84833e-05	
-0.00543817	0.00682675	6.93089e-05	
-0.0054666	0.00681189	7.01339e-05	
-0.00549498	0.00679691	7.09582e-05	
-0.0055233	0.0067818	7.17819e-05	
-0.00555157	0.00676657	7.26049e-05	
-0.00557978	0.00675121	7.34273e-05	
-0.00560794	0.00673572	7.42489e-05	
-0.00563605	0.00672012	7.50699e-05	
-0.0056641	0.00670439	7.58901e-05	
-0.00569209	0.00668854	7.67096e-05	
-0.00572002	0.00667256	7.75284e-05	
-0.0057479	0.00665647	7.83464e-05	
-0.00577572	0.00664026	7.91636e-05	
-0.00580349	0.00662392	7.99801e-05	
-0.0058312	0.00660747	8.07958e-05	
-0.00585884	0.0065909	8.16107e-05	
-0.00588643	0.00657421	8.24248e-05	
-0.00591396	0.0065574	8.32381e-05	
-0.00594143	0.00654048	8.40505e-05	
-0.00596884	0.00652344	8.48621e-05	
-0.00599619	0.00650628	8.56729e-05	
-0.00602348	0.00648901	8.64829e-05	
-0.00605071	0.00647163	8.72919e-05	
-0.00607788	0.00645413	8.81001e-05	
-0.00610499	0.00643652	8.89074e-05	
-0.00613203	0.0064188	8.97138e-05	
-0.00615902	0.00640096	9.05193e-05	
-0.00618594	0.00638302	9.13239e-05	
-0.0062128	0.00636496	9.21276e-05	
-0.00623959	0.00634679	9.29304e-05	
-0.00626633	0.00632852	9.37322e-05	
-0.006293	0.00631013	9.45331e-05	
-0.00631961	0.00629164	9.5333e-05	
-0.00634615	0.00627304	9.61319e-05	
-0.00637263	0.00625434	9.69299e-05	
-0.00639904	0.00623553	9.7727e-05	
-0.0064254	0.00621661	9.8523e-05	
-0.00645168	0.00619759	9.9318e-05	
-0.00647791	0.00617847	0.000100112	
-0.00650406	0.00615924	0.000100905	
-0.00653016	0.00613991	0.000101697	
-0.00655618	0.00612048	0.000102488	
-0.00658214	0.00610094	0.000103278	
-0.00660804	0.00608131	0.000104067	
-0.00663387	0.00606157	0.000104855	
-0.00665964	0.00604174	0.000105642	
-0.00668534	0.00602181	0.000106428	
-0.00671097	0.00600177	0.000107213	
-0.00673654	0.00598165	0.000107996	
-0.00676204	0.00596142	0.000108779	
-0.00678747	0.0059411	0.00010956	
-0.00681284	0.00592068	0.000110341	
-0.00683814	0.00590017	0.00011112	
-0.00686338	0.00587957	0.000111899	
-0.00688855	0.00585887	0.000112676	
-0.00691365	0.00583807	0.000113452	
-0.00693868	0.00581719	0.000114227	
-0.00696365	0.00579621	0.000115001	
-0.00698855	0.00577514	0.000115774	
-0.00701338	0.00575399	0.000116545	
-0.00703815	0.00573274	0.000117316	
-0.00706285	0.0057114	0.000118085	
-0.00708748	0.00568998	0.000118854	
-0.00711204	0.00566846	0.000119621	
-0.00713654	0.00564686	0.000120387	
-0.00716097	0.00562517	0.000121152	
-0.00718533	0.0056034	0.000121916	
-0.00720962	0.00558154	0.000122678	
-0.00723385	0.0055596	0.00012344	
-0.00725801	0.00553757	0.0001242	
-0.0072821	0.00551546	0.000124959	
-0.00730613	0.00549326	0.000125717	
-0.00733009	0.00547098	0.000126474	
-0.00735398	0.00544862	0.00012723	
-0.0073778	0.00542618	0.000127984	
-0.00740155	0.00540366	0.000128738	
-0.00742524	0.00538106	0.00012949	
-0.00744886	0.00535838	0.000130241	
-0.00747241	0.00533562	0.000130991	
-0.0074959	0.00531278	0.000131739	
-0.00751932	0.00528986	0.000132487	
-0.00754267	0.00526687	0.000133233	
-0.00756595	0.0052438	0.000133978	
-0.00758917	0.00522065	0.000134722	
-0.00761232	0.00519743	0.000135465	
-0.0076354	0.00517413	0.000136206	
-0.00765842	0.00515076	0.000136947	
-0.00768137	0.00512732	0.000137686	
-0.00770425	0.0051038	0.000138424	
-0.00772707	0.00508021	0.000139161	
-0.00774981	0.00505654	0.000139896	
-0.0077725	0.00503281	0.000140631	
-0.00779511	0.005009	0.000141364	
-0.00781766	0.00498513	0.000142096	
-0.00784014	0.00496118	0.000142827	
-0.00786256	0.00493716	0.000143557	
-0.00788491	0.00491308	0.000144285	
-0.0079072	0.00488893	0.000145012	
-0.00792941	0.0048647	0.000145738	
-0.00795157	0.00484042	0.000146463	
-0.00797365	0.00481606	0.000147187	
-0.00799567	0.00479164	0.000147909	
-0.00801763	0.00476715	0.00014863	
-0.00803952	0.0047426	0.000149351	
-0.00806134	0.00471798	0.000150069	
-0.0080831	0.0046933	0.000150787	
-0.0081048	0.00466855	0.000151504	
-0.00812643	0.00464374	0.000152219	
-0.00814799	0.00461887	0.000152933	
-0.00816949	0.00459393	0.000153646	
-0.00819093	0.00456893	0.000154357	
-0.0082123	0.00454387	0.000155068	
-0.0082336	0.00451875	0.000155777	
-0.00825484	0.00449357	0.000156485	
-0.00827602	0.00446833	0.000157192	
-0.00829714	0.00444303	0.000157898	
-0.00831819	0.00441767	0.000158602	
-0.00833917	0.00439225	0.000159306	
-0.00836009	0.00436678	0.000160008	
-0.00838095	0.00434124	0.000160709	
-0.00840175	0.00431565	0.000161409	
-0.00842248	0.00429	0.000162107	
-0.00844315	0.0042643	0.000162805	
-0.00846376	0.00423854	0.000163501	
-0.0084843	0.00421272	0.000164196	
-0.00850478	0.00418685	0.00016489	
-0.0085252	0.00416092	0.000165582	
-0.00854556	0.00413494	0.000166274	
-0.00856586	0.00410891	0.000166964	
-0.00858609	0.00408282	0.000167653	
-0.00860626	0.00405668	0.000168341	
-0.00862637	0.00403048	0.000169028	
-0.00864642	0.00400424	0.000169714	
-0.0086664	0.00397794	0.000170398	
-0.00868633	0.00395159	0.000171081	
-0.00870619	0.00392519	0.000171763	
-0.008726	0.00389873	0.000172444	
-0.00874574	0.00387223	0.000173124	
-0.00876542	0.00384568	0.000173803	
-0.00878504	0.00381908	0.00017448	
-0.00880461	0.00379243	0.000175156	
-0.00882411	0.00376573	0.000175831	
-0.00884355	0.00373898	0.000176505	
-0.00886293	0.00371219	0.000177178	
-0.00888225	0.00368534	0.00017785	
-0.00890152	0.00365845	0.00017852	
-0.00892072	0.00363152	0.00017919	
-0.00893987	0.00360453	0.000179858	
-0.00895895	0.0035775	0.000180525	
-0.00897798	0.00355043	0.000181191	
-0.00899695	0.0035233	0.000181856	
-0.00901586	0.00349614	0.000182519	
-0.00903471	0.00346893	0.000183182	
-0.00905351	0.00344167	0.000183843	
-0.00907224	0.00341437	0.000184504	
-0.00909092	0.00338703	0.000185163	
-0.00910955	0.00335964	0.000185821	
-0.00912811	0.00333221	0.000186477	
-0.00914662	0.00330474	0.000187133	
-0.00916507	0.00327722	0.000187788	
-0.00918346	0.00324966	0.000188441	
-0.0092018	0.00322207	0.000189094	
-0.00922008	0.00319442	0.000189745	
-0.0092383	0.00316674	0.000190395	
-0.00925647	0.00313902	0.000191044	
-0.00927458	0.00311126	0.000191692	
-0.00929264	0.00308345	0.000192339	
-0.00931064	0.00305561	0.000192985	
-0.00932858	0.00302773	0.000193629	
-0.00934647	0.0029998	0.000194273	
-0.00936431	0.00297184	0.000194915	
-0.00938209	0.00294384	0.000195557	
-0.00939981	0.0029158	0.000196197	
-0.00941748	0.00288773	0.000196836	
-0.0094351	0.00285961	0.000197474	
-0.00945266	0.00283146	0.000198111	
-0.00947017	0.00280327	0.000198747	
-0.00948762	0.00277505	0.000199382	
-0.00950502	0.00274678	0.000200016	
-0.00952237	0.00271848	0.000200649	
-0.00953966	0.00269015	0.00020128	
-0.0095569	0.00266177	0.000201911	
-0.00957409	0.00263337	0.00020254	
-0.00959123	0.00260492	0.000203169	
-0.00960831	0.00257645	0.000203796	
-0.00962534	0.00254793	0.000204422	
-0.00964231	0.00251939	0.000205048	
-0.00965924	0.00249081	0.000205672	
-0.00967611	0.00246219	0.000206295	
-0.00969293	0.00243354	0.000206917	
-0.0097097	0.00240486	0.000207538	
-0.00972642	0.00237614	0.000208158	
-0.00974309	0.00234739	0.000208777	
-0.0097597	0.00231861	0.000209395	
-0.00977627	0.0022898	0.000210012	
-0.00979278	0.00226095	0.000210628	
-0.00980925	0.00223207	0.000211243	
-0.00982566	0.00220316	0.000211856	
-0.00984202	0.00217422	0.000212469	
-0.00985834	0.00214524	0.000213081	
-0.0098746	0.00211624	0.000213692	
-0.00989081	0.0020872	0.000214302	
-0.00990698	0.00205813	0.00021491	
-0.00992309	0.00202904	0.000215518	
-0.00993916	0.00199991	0.000216125	
-0.00995517	0.00197075	0.00021673	
-0.00997114	0.00194156	0.000217335	
-0.00998706	0.00191235	0.000217939	
-0.0100029	0.0018831	0.000218541	
-0.0100187	0.00185383	0.000219143	
-0.0100345	0.00182452	0.000219744	
-0.0100502	0.00179519	0.000220343	
-0.0100659	0.00176583	0.000220942	
-0.0100816	0.00173644	0.00022154	
-0.0100971	0.00170702	0.000222137	
-0.0101127	0.00167757	0.000222732	
-0.0101282	0.0016481	0.000223327	
-0.0101436	0.0016186	0.000223921	
-0.010159	0.00158907	0.000224514	
-0.0101743	0.00155951	0.000225106	
-0.0101896	0.00152993	0.000225696	
-0.0102049	0.00150032	0.000226286	
-0.0102201	0.00147068	0.000226875	
-0.0102353	0.00144102	0.000227463	
-0.0102504	0.00141133	0.00022805	
-0.0102654	0.00138162	0.000228636	
-0.0102805	0.00135188	0.000229222	
-0.0102954	0.00132211	0.000229806	
-0.0103104	0.00129232	0.000230389	
-0.0103253	0.00126251	0.000230971	
-0.0103401	0.00123266	0.000231553	
-0.0103549	0.0012028	0.000232133	
-0.0103697	0.00117291	0.000232713	
-0.0103844	0.00114299	0.000233291	
-0.010399	0.00111305	0.000233869	
-0.0104136	0.00108309	0.000234445	
-0.0104282	0.0010531	0.000235021	
-0.0104427	0.00102309	0.000235596	
-0.0104572	0.000993051	0.00023617	
-0.0104717	0.000962992	0.000236743	
-0.0104861	0.000932909	0.000237315	
-0.0105004	0.000902804	0.000237886	
-0.0105147	0.000872675	0.000238456	
-0.010529	0.000842523	0.000239025	
-0.0105432	0.000812349	0.000239594	
-0.0105574	0.000782152	0.000240161	
-0.0105716	0.000751933	0.000240728	
-0.0105857	0.000721691	0.000241294	
-0.0105997	0.000691428	0.000241858	
-0.0106137	0.000661142	0.000242422	
-0.0106277	0.000630835	0.000242985	
-0.0106416	0.000600506	0.000243547	
-0.0106555	0.000570155	0.000244109	
-0.0106694	0.000539784	0.000244669	
-0.0106832	0.000509391	0.000245229	
-0.0106969	0.000478977	0.000245787	
-0.0107107	0.000448542	0.000246345	
-0.0107244	0.000418087	0.000246902	
-0.010738	0.000387611	0.000247458	
-0.0107516	0.000357114	0.000248013	
-0.0107652	0.000326597	0.000248567	
-0.0107787	0.00029606	0.00024912	
-0.0107922	0.000265503	0.000249673	
-0.0108056	0.000234926	0.000250224	
-0.010819	0.000204329	0.000250775	
-0.0108323	0.000173713	0.000251325	
-0.0108457	0.000143077	0.000251874	
-0.0108589	0.000112421	0.000252422	
-0.0108722	8.17469e-05	0.00025297	
-0.0108854	5.10533e-05	0.000253516	
-0.0108985	2.03407e-05	0.000254062	
-0.0109117	-1.03908e-05	0.000254607	
-0.0109248	-4.1141e-05	0.00025515	
-0.0109378	-7.19098e-05	0.000255694	
-0.0109508	-0.000102697	0.000256236	
-0.0109638	-0.000133503	0.000256777	
-0.0109767	-0.000164326	0.000257318	
-0.0109896	-0.000195168	0.000257858	
-0.0110024	-0.000226028	0.000258397	
-0.0110152	-0.000256906	0.000258935	
-0.011028	-0.000287802	0.000259472	
-0.0110408	-0.000318715	0.000260009	
-0.0110535	-0.000349645	0.000260544	
-0.0110661	-0.000380593	0.000261079	
-0.0110787	-0.000411559	0.000261613	
-0.0110913	-0.000442541	0.000262147	
-0.0111039	-0.000473541	0.000262679	
-0.0111164	-0.000504557	0.000263211	
-0.0111289	-0.00053559	0.000263741	
-0.0111413	-0.00056664	0.000264271	
-0.0111537	-0.000597707	0.000264801	
-0.0111661	-0.00062879	0.000265329	
-0.0111784	-0.000659889	0.000265857	
-0.0111907	-0.000691005	0.000266384	
-0.011203	-0.000722137	0.00026691	
-0.0112152	-0.000753285	0.000267435	
-0.0112274	-0.000784449	0.000267959	
-0.0112395	-0.000815629	0.000268483	
-0.0112516	-0.000846824	0.000269006	
-0.0112637	-0.000878035	0.000269528	
-0.0112757	-0.000909262	0.000270049	
-0.0112878	-0.000940504	0.00027057	
-0.0112997	-0.000971762	0.00027109	
-0.0113117	-0.00100303	0.000271609	
-0.0113236	-0.00103432	0.000272127	
-0.0113354	-0.00106563	0.000272644	
-0.0113473	-0.00109694	0.000273161	
-0.0113591	-0.00112828	0.000273677	
-0.0113708	-0.00115962	0.000274192	
-0.0113825	-0.00119099	0.000274707	
-0.0113942	-0.00122236	0.00027522	
-0.0114059	-0.00125375	0.000275733	
-0.0114175	-0.00128516	0.000276245	
-0.0114291	-0.00131658	0.000276757	
-0.0114407	-0.00134801	0.000277267	
-0.0114522	-0.00137946	0.000277777	
-0.0114637	-0.00141092	0.000278286	
-0.0114751	-0.0014424	0.000278795	
-0.0114866	-0.00147389	0.000279302	
-0.011498	-0.00150539	0.000279809	
-0.0115093	-0.00153691	0.000280316	
-0.0115206	-0.00156844	0.000280821	
-0.0115319	-0.00159998	0.000281326	
-0.0115432	-0.00163154	0.00028183	
-0.0115544	-0.00166311	0.000282333	
-0.0115656	-0.0016947	0.000282836	
-0.0115768	-0.0017263	0.000283337	
-0.0115879	-0.00175791	0.000283838	
-0.011599	-0.00178953	0.000284339	
-0.01161	-0.00182117	0.000284838	
-0.0116211	-0.00185282	0.000285337	
-0.0116321	-0.00188448	0.000285836	
-0.011643	-0.00191615	0.000286333	
-0.011654	-0.00194784	0.00028683	
-0.0116649	-0.00197954	0.000287326	
-0.0116757	-0.00201125	0.000287821	
-0.0116866	-0.00204298	0.000288316	
-0.0116974	-0.00207471	0.00028881	
-0.0117082	-0.00210646	0.000289303	
-0.0117189	-0.00213822	0.000289796	
-0.0117296	-0.00217	0.000290287	
-0.0117403	-0.00220178	0.000290779	
-0.011751	-0.00223358	0.000291269	
-0.0117616	-0.00226539	0.000291759	
-0.0117722	-0.00229721	0.000292248	
-0.0117827	-0.00232904	0.000292736	
-0.0117933	-0.00236088	0.000293224	
-0.0118038	-0.00239274	0.000293711	
-0.0118142	-0.0024246	0.000294197	
-0.0118247	-0.00245648	0.000294683	
-0.0118351	-0.00248837	0.000295168	
-0.0118454	-0.00252027	0.000295652	
-0.0118558	-0.00255218	0.000296136	
-0.0118661	-0.00258411	0.000296619	
-0.0118764	-0.00261604	0.000297101	
-0.0118867	-0.00264799	0.000297582	
-0.0118969	-0.00267994	0.000298063	
-0.0119071	-0.00271191	0.000298544	
-0.0119173	-0.00274389	0.000299023	
-0.0119274	-0.00277587	0.000299502	
-0.0119375	-0.00280787	0.00029998	
-0.0119476	-0.00283988	0.000300458	
-0.0119576	-0.0028719	0.000300935	
-0.0119677	-0.00290393	0.000301411	
-0.0119777	-0.00293597	0.000301887	
-0.0119876	-0.00296802	0.000302362	
-0.0119976	-0.00300009	0.000302836	
-0.0120075	-0.00303216	0.00030331	
-0.0120174	-0.00306424	0.000303783	
-0.0120272	-0.00309633	0.000304255	
-0.012037	-0.00312843	0.000304727	
-0.0120468	-0.00316054	0.000305198	
-0.0120566	-0.00319267	0.000305668	
-0.0120663	-0.0032248	0.000306138	
-0.0120761	-0.00325694	0.000306607	
-0.0120857	-0.00328909	0.000307075	
-0.0120954	-0.00332125	0.000307543	
-0.012105	-0.00335342	0.00030801	
-0.0121146	-0.0033856	0.000308477	
-0.0121242	-0.00341779	0.000308943	
-0.0121337	-0.00344999	0.000309408	
-0.0121433	-0.0034822	0.000309873	
-0.0121527	-0.00351441	0.000310337	
-0.0121622	-0.00354664	0.000310801	
-0.0121716	-0.00357887	0.000311263	
-0.0121811	-0.00361112	0.000311726	
-0.0121904	-0.00364337	0.000312187	
-0.0121998	-0.00367564	0.000312648	
-0.0122091	-0.00370791	0.000313109	
-0.0122184	-0.00374019	0.000313568	
-0.0122277	-0.00377248	0.000314027	
-0.012237	-0.00380478	0.000314486	
-0.0122462	-0.00383709	0.000314944	
-0.0122554	-0.0038694	0.000315401	
-0.0122645	-0.00390173	0.000315858	
-0.0122737	-0.00393406	0.000316314	
-0.0122828	-0.0039664	0.000316769	
-0.0122919	-0.00399875	0.000317224	
-0.012301	-0.00403111	0.000317678	
-0.01231	-0.00406348	0.000318132	
-0.012319	-0.00409585	0.000318585	
-0.012328	-0.00412824	0.000319038	
-0.012337	-0.00416063	0.000319489	
-0.0123459	-0.00419303	0.000319941	
-0.0123548	-0.00422544	0.000320391	
-0.0123637	-0.00425786	0.000320842	
-0.0123726	-0.00429028	0.000321291	
-0.0123814	-0.00432271	0.00032174	
-0.0123902	-0.00435515	0.000322188	
-0.012399	-0.0043876	0.000322636	
-0.0124077	-0.00442006	0.000323083	
-0.0124165	-0.00445252	0.00032353	
-0.0124252	-0.004485	0.000323976	
-0.0124339	-0.00451748	0.000324421	
-0.0124425	-0.00454996	0.000324866	
-0.0124512	-0.00458246	0.00032531	
-0.0124598	-0.00461496	0.000325754	
-0.0124684	-0.00464747	0.000326197	
-0.0124769	-0.00467999	0.00032664	
-0.0124855	-0.00471252	0.000327082	
-0.012494	-0.00474505	0.000327523	
-0.0125025	-0.00477759	0.000327964	
-0.0125109	-0.00481014	0.000328404	
-0.0125194	-0.00484269	0.000328844	
-0.0125278	-0.00487526	0.000329283	
-0.0125362	-0.00490783	0.000329722	
-0.0125446	-0.0049404	0.00033016	
-0.0125529	-0.00497299	0.000330597	
-0.0125612	-0.00500558	0.000331034	
-0.0125695	-0.00503818	0.00033147	
-0.0125778	-0.00507078	0.000331906	
-0.012586	-0.00510339	0.000332341	
-0.0125943	-0.00513601	0.000332776	
-0.0126025	-0.00516864	0.00033321	
-0.0126106	-0.00520127	0.000333644	
-0.0126188	-0.00523391	0.000334077	
-0.0126269	-0.00526656	0.000334509	
-0.012635	-0.00529921	0.000334941	
-0.0126431	-0.00533187	0.000335373	
-0.0126512	-0.00536454	0.000335803	
-0.0126592	-0.00539721	0.000336234	
-0.0126673	-0.00542989	0.000336663	
-0.0126752	-0.00546258	0.000337093	
-0.0126832	-0.00549527	0.000337521	
-0.0126912	-0.00552797	0.00033795	
-0.0126991	-0.00556067	0.000338377	
-0.012707	-0.00559339	0.000338804	
-0.0127149	-0.00562611	0.000339231	
-0.0127227	-0.00565883	0.000339657	
-0.0127306	-0.00569156	0.000340082	
-0.0127384	-0.0057243	0.000340507	
-0.0127462	-0.00575704	0.000340932	
-0.012754	-0.00578979	0.000341356	
-0.0127617	-0.00582255	0.000341779	
-0.0127694	-0.00585531	0.000342202	
-0.0127771	-0.00588808	0.000342624	
-0.0127848	-0.00592085	0.000343046	
-0.0127925	-0.00595363	0.000343467	
-0.0128001	-0.00598642	0.000343888	
-0.0128077	-0.00601921	0.000344308	
-0.0128153	-0.00605201	0.000344728	
-0.0128229	-0.00608481	0.000345147	
-0.0128304	-0.00611762	0.000345566	
-0.012838	-0.00615044	0.000345984	
-0.0128455	-0.00618326	0.000346402	
-0.012853	-0.00621609	0.000346819	
-0.0128604	-0.00624892	0.000347236	
-0.0128679	-0.00628176	0.000347652	
-0.0128753	-0.0063146	0.000348068	
-0.0128827	-0.00634745	0.000348483	
-0.0128901	-0.00638031	0.000348897	
-0.0128974	-0.00641317	0.000349311	
-0.0129048	-0.00644604	0.000349725	
-0.0129121	-0.00647891	0.000350138	
-0.0129194	-0.00651179	0.000350551	
-0.0129267	-0.00654467	0.000350963	
-0.0129339	-0.00657756	0.000351375	
-0.0129412	-0.00661045	0.000351786	
-0.0129484	-0.00664335	0.000352196	
-0.0129556	-0.00667625	0.000352607	
-0.0129627	-0.00670916	0.000353016	
-0.0129699	-0.00674208	0.000353425	
-0.012977	-0.006775	0.000353834	
-0.0129841	-0.00680792	0.000354242	
-0.0129912	-0.00684086	0.00035465	
-0.0129983	-0.00687379	0.000355057	
-0.0130054	-0.00690673	0.000355464	
-0.0130124	-0.00693968	0.00035587	
-0.0130194	-0.00697263	0.000356276	
-0.0130264	-0.00700558	0.000356681	
-0.0130334	-0.00703855	0.000357086	
-0.0130403	-0.00707151	0.00035749	
-0.0130472	-0.00710448	0.000357894	
-0.0130541	-0.00713746	0.000358298	
-0.013061	-0.00717044	0.0003587	
-0.0130679	-0.00720342	0.000359103	
-0.0130748	-0.00723641	0.000359505	
-0.0130816	-0.00726941	0.000359906	
-0.0130884	-0.00730241	0.000360307	
-0.0130952	-0.00733541	0.000360708	
-0.013102	-0.00736842	0.000361108	
-0.0131087	-0.00740144	0.000361507	
-0.0131155	-0.00743446	0.000361906	
-0.0131222	-0.00746748	0.000362305	
-0.0131289	-0.00750051	0.000362703	
-0.0131356	-0.00753354	0.000363101	
-0.0131422	-0.00756658	0.000363498	
-0.0131489	-0.00759962	0.000363895	
-0.0131555	-0.00763266	0.000364291	
-0.0131621	-0.00766572	0.000364687	
-0.0131687	-0.00769877	0.000365083	
-0.0131752	-0.00773183	0.000365478	
-0.0131818	-0.00776489	0.000365872	
-0.0131883	-0.00779796	0.000366266	
-0.0131948	-0.00783104	0.00036666	
-0.0132013	-0.00786411	0.000367053	
-0.0132078	-0.00789719	0.000367445	
-0.0132142	-0.00793028	0.000367838	
-0.0132206	-0.00796337	0.000368229	
-0.013227	-0.00799646	0.000368621	
-0.0132334	-0.00802956	0.000369012	
-0.0132398	-0.00806267	0.000369402	
-0.0132462	-0.00809577	0.000369792	
-0.0132525	-0.00812888	0.000370182	
-0.0132588	-0.008162	0.000370571	
-0.0132651	-0.00819512	0.000370959	
-0.0132714	-0.00822824	0.000371347	
-0.0132777	-0.00826137	0.000371735	
-0.0132839	-0.0082945	0.000372122	
-0.0132902	-0.00832764	0.000372509	
-0.0132964	-0.00836078	0.000372896	
-0.0133026	-0.00839392	0.000373282	
-0.0133088	-0.00842707	0.000373667	
-0.0133149	-0.00846022	0.000374052	
-0.0133211	-0.00849337	0.000374437	
-0.0133272	-0.00852653	0.000374821	
-0.0133333	-0.0085597	0.000375205	
-0.0133394	-0.00859286	0.000375589	
-0.0133455	-0.00862603	0.000375971	
-0.0133515	-0.00865921	0.000376354	
-0.0133576	-0.00869239	0.000376736	
-0.0133636	-0.00872557	0.000377118	
-0.0133696	-0.00875876	0.000377499	
-0.0133756	-0.00879194	0.00037788	
-0.0133815	-0.00882514	0.00037826	
-0.0133875	-0.00885834	0.00037864	
-0.0133934	-0.00889154	0.00037902	
-0.0133993	-0.00892474	0.000379399	
-0.0134052	-0.00895795	0.000379777	
-0.0134111	-0.00899116	0.000380156	
-0.013417	-0.00902437	0.000380534	
-0.0134228	-0.00905759	0.000380911	
-0.0134286	-0.00909082	0.000381288	
-0.0134345	-0.00912404	0.000381665	
-0.0134402	-0.00915727	0.000382041	
-0.013446	-0.0091905	0.000382416	
-0.0134518	-0.00922374	0.000382792	
-0.0134575	-0.00925698	0.000383167	
-0.0134633	-0.00929022	0.000383541	
-0.013469	-0.00932347	0.000383915	
-0.0134747	-0.00935672	0.000384289	
-0.0134804	-0.00938997	0.000384662	
-0.013486	-0.00942323	0.000385035	
-0.0134917	-0.00945649	0.000385408	
-0.0134973	-0.00948975	0.00038578	
-0.0135029	-0.00952302	0.000386151	
-0.0135085	-0.00955629	0.000386523	
-0.0135141	-0.00958956	0.000386893	
-0.0135196	-0.00962284	0.000387264	
-0.0135252	-0.00965612	0.000387634	
-0.0135307	-0.0096894	0.000388004	
-0.0135362	-0.00972269	0.000388373	
-0.0135417	-0.00975598	0.000388742	
-0.0135472	-0.00978927	0.00038911	
-0.0135527	-0.00982256	0.000389478	
-0.0135581	-0.00985586	0.000389846	
-0.0135636	-0.00988917	0.000390213	
-0.013569	-0.00992247	0.00039058	
-0.0135744	-0.00995578	0.000390946	
-0.0135798	-0.00998909	0.000391312	
-0.0135851	-0.0100224	0.000391678	
-0.0135905	-0.0100557	0.000392043	
-0.0135958	-0.010089	0.000392408	
-0.0136012	-0.0101224	0.000392772	
-0.0136065	-0.0101557	0.000393137	
-0.0136118	-0.010189	0.0003935	
-0.013617	-0.0102224	0.000393864	
-0.0136223	-0.0102557	0.000394226	
-0.0136276	-0.010289	0.000394589	
-0.0136328	-0.0103224	0.000394951	
-0.013638	-0.0103557	0.000395313	
-0.0136432	-0.0103891	0.000395674	
-0.0136484	-0.0104224	0.000396035	
-0.0136536	-0.0104558	0.000396396	
-0.0136587	-0.0104891	0.000396756	
-0.0136638	-0.0105225	0.000397116	
-0.013669	-0.0105558	0.000397475	
-0.0136741	-0.0105892	0.000397834	
-0.0136792	-0.0106226	0.000398193	
-0.0136842	-0.0106559	0.000398551	
-0.0136893	-0.0106893	0.000398909	
-0.0136944	-0.0107227	0.000399267	
-0.0136994	-0.010756	0.000399624	
-0.0137044	-0.0107894	0.000399981	
-0.0137094	-0.0108228	0.000400337	
-0.0137144	-0.0108562	0.000400694	
-0.0137194	-0.0108896	0.000401049	
-0.0137243	-0.010923	0.000401405	
-0.0137293	-0.0109564	0.00040176	
-0.0137342	-0.0109898	0.000402114	
-0.0137391	-0.0110232	0.000402468	
-0.013744	-0.0110566	0.000402822	
-0.0137489	-0.01109	0.000403176	
-0.0137538	-0.0111234	0.000403529	
-0.0137586	-0.0111568	0.000403882	
-0.0137635	-0.0111902	0.000404234	
-0.0137683	-0.0112236	0.000404586	
-0.0137731	-0.011257	0.000404938	
-0.0137779	-0.0112904	0.000405289	
-0.0137827	-0.0113239	0.00040564	
-0.0137874	-0.0113573	0.00040599	
-0.0137922	-0.0113907	0.000406341	
-0.0137969	-0.0114241	0.00040669	
-0.0138017	-0.0114576	0.00040704	
-0.0138064	-0.011491	0.000407389	
-0.0138111	-0.0115244	0.000407738	
-0.0138157	-0.0115579	0.000408086	
-0.0138204	-0.0115913	0.000408434	
-0.0138251	-0.0116247	0.000408782	
-0.0138297	-0.0116582	0.000409129	
-0.0138343	-0.0116916	0.000409476	
-0.0138389	-0.0117251	0.000409823	
-0.0138435	-0.0117585	0.000410169	
-0.0138481	-0.011792	0.000410515	
-0.0138527	-0.0118254	0.000410861	
-0.0138573	-0.0118589	0.000411206	
-0.0138618	-0.0118924	0.000411551	
-0.0138663	-0.0119258	0.000411895	
-0.0138708	-0.0119593	0.000412239	
-0.0138753	-0.0119928	0.000412583	
-0.0138798	-0.0120262	0.000412927	
-0.0138843	-0.0120597	0.00041327	
-0.0138888	-0.0120932	0.000413613	
-0.0138932	-0.0121266	0.000413955	
-0.0138976	-0.0121601	0.000414297	
-0.0139021	-0.0121936	0.000414639	
-0.0139065	-0.0122271	0.00041498	
-0.0139109	-0.0122606	0.000415321	
-0.0139152	-0.0122941	0.000415662	
-0.0139196	-0.0123275	0.000416002	
-0.013924	-0.012361	0.000416343	
-0.0139283	-0.0123945	0.000416682	
-0.0139326	-0.012428	0.000417022	
-0.0139369	-0.0124615	0.000417361	
-0.0139412	-0.012495	0.000417699	
-0.0139455	-0.0125285	0.000418038	
-0.0139498	-0.012562	0.000418376	
-0.013954	-0.0125955	0.000418713	
-0.0139583	-0.012629	0.000419051	
-0.0139625	-0.0126625	0.000419388	
-0.0139667	-0.0126961	0.000419724	
-0.013971	-0.0127296	0.000420061	
-0.0139751	-0.0127631	0.000420397	
-0.0139793	-0.0127966	0.000420732	
-0.0139835	-0.0128301	0.000421068	
-0.0139876	-0.0128636	0.000421403	
-0.0139918	-0.0128972	0.000421737	
-0.0139959	-0.0129307	0.000422072	
-0.014	-0.0129642	0.000422406	
-0.0140041	-0.0129977	0.00042274	
-0.0140082	-0.0130313	0.000423073	
-0.0140123	-0.0130648	0.000423406	
-0.0140164	-0.0130983	0.000423739	
-0.0140204	-0.0131319	0.000424071	
-0.0140245	-0.0131654	0.000424403	
-0.0140285	-0.0131989	0.000424735	
-0.0140325	-0.0132325	0.000425066	
-0.0140365	-0.013266	0.000425397	
-0.0140405	-0.0132996	0.000425728	
-0.0140445	-0.0133331	0.000426059	
-0.0140484	-0.0133667	0.000426389	
-0.0140524	-0.0134002	0.000426719	
-0.0140563	-0.0134338	0.000427048	
-0.0140602	-0.0134673	0.000427377	
-0.0140641	-0.0135009	0.000427706	
-0.0140681	-0.0135344	0.000428035	
-0.0140719	-0.013568	0.000428363	
-0.0140758	-0.0136015	0.000428691	
-0.0140797	-0.0136351	0.000429018	
-0.0140835	-0.0136687	0.000429346	
-0.0140874	-0.0137022	0.000429673	
-0.0140912	-0.0137358	0.000429999	
-0.014095	-0.0137694	0.000430326	
-0.0140988	-0.0138029	0.000430652	
-0.0141026	-0.0138365	0.000430977	
-0.0141064	-0.0138701	0.000431303	
-0.0141102	-0.0139036	0.000431628	
-0.0141139	-0.0139372	0.000431953	
-0.0141176	-0.0139708	0.000432277	
-0.0141214	-0.0140044	0.000432601	
-0.0141251	-0.014038	0.000432925	
-0.0141288	-0.0140715	0.000433249	
-0.0141325	-0.0141051	0.000433572	
-0.0141362	-0.0141387	0.000433895	
-0.0141398	-0.0141723	0.000434217	
-0.0141435	-0.0142059	0.00043454	
-0.0141472	-0.0142395	0.000434862	
-0.0141508	-0.0142731	0.000435183	
-0.0141544	-0.0143066	0.000435505	
-0.014158	-0.0143402	0.000435826	
-0.0141616	-0.0143738	0.000436147	
-0.0141652	-0.0144074	0.000436467	
-0.0141688	-0.014441	0.000436787	
-0.0141724	-0.0144746	0.000437107	
-0.0141759	-0.0145082	0.000437427	
-0.0141794	-0.0145418	0.000437746	
-0.014183	-0.0145754	0.000438065	
-0.0141865	-0.014609	0.000438384	
-0.01419	-0.0146427	0.000438702	
-0.0141935	-0.0146763	0.00043902	
-0.014197	-0.0147099	0.000439338	
-0.0142004	-0.0147435	0.000439656	
-0.0142039	-0.0147771	0.000439973	
-0.0142074	-0.0148107	0.00044029	
-0.0142108	-0.0148443	0.000440607	
-0.0142142	-0.0148779	0.000440923	
-0.0142176	-0.0149116	0.000441239	
-0.014221	-0.0149452	0.000441555	
-0.0142244	-0.0149788	0.00044187	
-0.0142278	-0.0150124	0.000442185	
-0.0142312	-0.015046	0.0004425	
-0.0142345	-0.0150797	0.000442815	
-0.0142379	-0.0151133	0.000443129	
-0.0142412	-0.0151469	0.000443443	
-0.0142446	-0.0151805	0.000443757	
-0.0142479	-0.0152142	0.00044407	
-0.0142512	-0.0152478	0.000444383	
-0.0142545	-0.0152814	0.000444696	
-0.0142577	-0.0153151	0.000445009	
-0.014261	-0.0153487	0.000445321	
-0.0142643	-0.0153823	0.000445633	
-0.0142675	-0.015416	0.000445945	
-0.0142708	-0.0154496	0.000446256	
-0.014274	-0.0154833	0.000446567	
-0.0142772	-0.0155169	0.000446878	
-0.0142804	-0.0155505	0.000447189	
-0.0142836	-0.0155842	0.000447499	
-0.0142868	-0.0156178	0.000447809	
-0.0142899	-0.0156515	0.000448119	
-0.0142931	-0.0156851	0.000448428	
-0.0142963	-0.0157188	0.000448737	
-0.0142994	-0.0157524	0.000449046	
-0.0143025	-0.0157861	0.000449355	
-0.0143056	-0.0158197	0.000449663	
-0.0143088	-0.0158534	0.000449971	
-0.0143118	-0.015887	0.000450279	
-0.0143149	-0.0159207	0.000450586	
-0.014318	-0.0159543	0.000450893	
-0.0143211	-0.015988	0.0004512	
-0.0143241	-0.0160217	0.000451507	
-0.0143272	-0.0160553	0.000451813	
-0.0143302	-0.016089	0.00045212	
-0.0143332	-0.0161226	0.000452425	
-0.0143362	-0.0161563	0.000452731	
-0.0143392	-0.01619	0.000453036	
-0.0143422	-0.0162236	0.000453341	
-0.0143452	-0.0162573	0.000453646	
-0.0143482	-0.016291	0.00045395	
-0.0143511	-0.0163246	0.000454255	
-0.0143541	-0.0163583	0.000454559	
-0.014357	-0.016392	0.000454862	
-0.01436	-0.0164256	0.000455166	
-0.0143629	-0.0164593	0.000455469	
-0.0143658	-0.016493	0.000455772	
-0.0143687	-0.0165267	0.000456074	
-0.0143716	-0.0165603	0.000456376	
-0.0143744	-0.016594	0.000456678	
-0.0143773	-0.0166277	0.00045698	
-0.0143802	-0.0166614	0.000457282	
-0.014383	-0.016695	0.000457583	
-0.0143858	-0.0167287	0.000457884	
-0.0143887	-0.0167624	0.000458185	
-0.0143915	-0.0167961	0.000458485	
-0.0143943	-0.0168298	0.000458785	
-0.0143971	-0.0168634	0.000459085	
-0.0143999	-0.0168971	0.000459385	
-0.0144027	-0.0169308	0.000459684	
-0.0144054	-0.0169645	0.000459983	
-0.0144082	-0.0169982	0.000460282	
-0.0144109	-0.0170319	0.000460581	
-0.0144137	-0.0170656	0.000460879	
-0.0144164	-0.0170993	0.000461177	
-0.0144191	-0.0171329	0.000461475	
-0.0144218	-0.0171666	0.000461773	
-0.0144245	-0.0172003	0.00046207	
-0.0144272	-0.017234	0.000462367	
-0.0144299	-0.0172677	0.000462664	
-0.0144325	-0.0173014	0.00046296	
-0.0144352	-0.0173351	0.000463257	
-0.0144378	-0.0173688	0.000463553	
-0.0144405	-0.0174025	0.000463849	
-0.0144431	-0.0174362	0.000464144	
-0.0144457	-0.0174699	0.000464439	
-0.0144483	-0.0175036	0.000464734	
-0.0144509	-0.0175373	0.000465029	
-0.0144535	-0.017571	0.000465324	
-0.0144561	-0.0176047	0.000465618	
-0.0144587	-0.0176384	0.000465912	
-0.0144612	-0.0176721	0.000466206	
-0.0144638	-0.0177058	0.000466499	
-0.0144663	-0.0177395	0.000466792	
-0.0144689	-0.0177732	0.000467085	
-0.0144714	-0.0178069	0.000467378	
-0.0144739	-0.0178407	0.00046767	
-0.0144764	-0.0178744	0.000467963	
-0.0144789	-0.0179081	0.000468255	
-0.0144814	-0.0179418	0.000468546	
-0.0144838	-0.0179755	0.000468838	
-0.0144863	-0.0180092	0.000469129	
-0.0144888	-0.0180429	0.00046942	
-0.0144912	-0.0180766	0.000469711	
-0.0144937	-0.0181104	0.000470001	
-0.0144961	-0.0181441	0.000470292	
-0.0144985	-0.0181778	0.000470582	
-0.0145009	-0.0182115	0.000470871	
-0.0145033	-0.0182452	0.000471161	
-0.0145057	-0.0182789	0.00047145	
-0.0145081	-0.0183127	0.000471739	
-0.0145105	-0.0183464	0.000472028	
-0.0145128	-0.0183801	0.000472316	
-0.0145152	-0.0184138	0.000472605	
-0.0145175	-0.0184475	0.000472893	
-0.0145199	-0.0184813	0.000473181	
-0.0145222	-0.018515	0.000473468	
-0.0145245	-0.0185487	0.000473756	
-0.0145268	-0.0185824	0.000474043	
-0.0145291	-0.0186162	0.000474329	
-0.0145314	-0.0186499	0.000474616	
-0.0145337	-0.0186836	0.000474902	
-0.0145359	-0.0187173	0.000475189	
-0.0145382	-0.0187511	0.000475474	
-0.0145405	-0.0187848	0.00047576	
-0.0145427	-0.0188185	0.000476046	
-0.0145449	-0.0188523	0.000476331	
-0.0145472	-0.018886	0.000476616	
-0.0145494	-0.0189197	0.0004769	
-0.0145516	-0.0189535	0.000477185	
-0.0145538	-0.0189872	0.000477469	
-0.014556	-0.0190209	0.000477753	
-0.0145582	-0.0190547	0.000478037	
-0.0145604	-0.0190884	0.00047832	
-0.0145625	-0.0191221	0.000478604	
-0.0145647	-0.0191559	0.000478887	
-0.0145668	-0.0191896	0.00047917	
-0.014569	-0.0192233	0.000479452	
-0.0145711	-0.0192571	0.000479734	
-0.0145732	-0.0192908	0.000480017	
-0.0145753	-0.0193245	0.000480298	
-0.0145774	-0.0193583	0.00048058	
-0.0145795	-0.019392	0.000480862	
-0.0145816	-0.0194258	0.000481143	
-0.0145837	-0.0194595	0.000481424	
-0.0145858	-0.0194932	0.000481705	
-0.0145878	-0.019527	0.000481985	
-0.0145899	-0.0195607	0.000482265	
-0.0145919	-0.0195945	0.000482545	
-0.014594	-0.0196282	0.000482825	
-0.014596	-0.019662	0.000483105	
-0.014598	-0.0196957	0.000483384	
-0.0146	-0.0197295	0.000483663	
-0.014602	-0.0197632	0.000483942	
-0.014604	-0.0197969	0.000484221	
-0.014606	-0.0198307	0.000484499	
-0.014608	-0.0198644	0.000484778	
-0.0146099	-0.0198982	0.000485056	
-0.0146119	-0.0199319	0.000485333	
-0.0146138	-0.0199657	0.000485611	
-0.0146158	-0.0199994	0.000485888	
-0.0146177	-0.0200332	0.000486165	
-0.0146196	-0.0200669	0.000486442	
-0.0146215	-0.0201007	0.000486719	
-0.0146235	-0.0201344	0.000486995	
-0.0146254	-0.0201682	0.000487272	
-0.0146272	-0.0202019	0.000487548	
-0.0146291	-0.0202357	0.000487824	
-0.014631	-0.0202694	0.000488099	
-0.0146329	-0.0203032	0.000488374	
-0.0146347	-0.020337	0.00048865	
-0.0146366	-0.0203707	0.000488924	
-0.0146384	-0.0204045	0.000489199	
-0.0146403	-0.0204382	0.000489474	
-0.0146421	-0.020472	0.000489748	
-0.0146439	-0.0205057	0.000490022	
-0.0146457	-0.0205395	0.000490296	
-0.0146475	-0.0205732	0.000490569	
-0.0146493	-0.020607	0.000490843	
-0.0146511	-0.0206408	0.000491116	
-0.0146529	-0.0206745	0.000491389	
-0.0146546	-0.0207083	0.000491662	
-0.0146564	-0.020742	0.000491934	
-0.0146581	-0.0207758	0.000492206	
-0.0146599	-0.0208096	0.000492478	
-0.0146616	-0.0208433	0.00049275	
-0.0146634	-0.0208771	0.000493022	
-0.0146651	-0.0209108	0.000493293	
-0.0146668	-0.0209446	0.000493565	
-0.0146685	-0.0209784	0.000493836	
-0.0146702	-0.0210121	0.000494106	
-0.0146719	-0.0210459	0.000494377	
-0.0146736	-0.0210797	0.000494647	
-0.0146752	-0.0211134	0.000494917	
-0.0146769	-0.0211472	0.000495187	
-0.0146786	-0.0211809	0.000495457	
-0.0146802	-0.0212147	0.000495727	
-0.0146818	-0.0212485	0.000495996	
-0.0146835	-0.0212822	0.000496265	
-0.0146851	-0.021316	0.000496534	
-0.0146867	-0.0213498	0.000496803	
-0.0146883	-0.0213835	0.000497071	
-0.0146899	-0.0214173	0.000497339	
-0.0146915	-0.0214511	0.000497608	
-0.0146931	-0.0214848	0.000497875	
-0.0146947	-0.0215186	0.000498143	
-0.0146963	-0.0215524	0.00049841	
-0.0146978	-0.0215861	0.000498678	
-0.0146994	-0.0216199	0.000498945	
-0.0147009	-0.0216537	0.000499212	
-0.0147025	-0.0216875	0.000499478	
-0.014704	-0.0217212	0.000499745	
-0.0147055	-0.021755	0.000500011	
-0.014707	-0.0217888	0.000500277	
-0.0147086	-0.0218225	0.000500543	
-0.0147101	-0.0218563	0.000500808	
-0.0147116	-0.0218901	0.000501073	
-0.014713	-0.0219239	0.000501339	
-0.0147145	-0.0219576	0.000501604	
-0.014716	-0.0219914	0.000501868	
-0.0147175	-0.0220252	0.000502133	
-0.0147189	-0.0220589	0.000502397	
