16.2772	11.3124	-0.168858	
16.2689	11.3236	-0.168709	
16.2606	11.3347	-0.168559	
16.2524	11.3458	-0.16841	
16.2441	11.357	-0.16826	
16.2358	11.3681	-0.168111	
16.2275	11.3792	-0.167961	
16.2192	11.3904	-0.167811	
16.2109	11.4015	-0.167662	
16.2026	11.4126	-0.167512	
16.1943	11.4238	-0.167363	
16.186	11.4349	-0.167213	
16.1777	11.446	-0.167064	
16.1694	11.4572	-0.166914	
16.1611	11.4683	-0.166765	
16.1528	11.4794	-0.166615	
16.1445	11.4906	-0.166465	
16.1362	11.5017	-0.166316	
16.1279	11.5128	-0.166166	
16.1196	11.524	-0.166017	
16.1113	11.5351	-0.165867	
16.103	11.5462	-0.165718	
16.0947	11.5574	-0.165568	
16.0864	11.5685	-0.165419	
16.0782	11.5796	-0.165269	
16.0699	11.5907	-0.165119	
16.0616	11.6019	-0.16497	
16.0533	11.613	-0.16482	
16.045	11.6241	-0.164671	
16.0367	11.6353	-0.164521	
16.0284	11.6464	-0.164372	
16.0201	11.6575	-0.164222	
16.0118	11.6687	-0.164073	
16.0035	11.6798	-0.163923	
15.9952	11.6909	-0.163774	
15.9869	11.7021	-0.163624	
15.9786	11.7132	-0.163474	
15.9703	11.7243	-0.163325	
15.962	11.7355	-0.163175	
15.9537	11.7466	-0.163026	
15.9454	11.7577	-0.162876	
15.9371	11.7689	-0.162727	
15.9288	11.78	-0.162577	
15.9205	11.7911	-0.162428	
15.9122	11.8023	-0.162278	
15.904	11.8134	-0.162128	
15.8957	11.8245	-0.161979	
15.8874	11.8357	-0.161829	
15.8791	11.8468	-0.16168	
15.8708	11.8579	-0.16153	
15.8625	11.8691	-0.161381	
15.8542	11.8802	-0.161231	
15.8459	11.8913	-0.161082	
15.8376	11.9025	-0.160932	
15.8293	11.9136	-0.160782	
15.821	11.9247	-0.160633	
15.8127	11.9359	-0.160483	
15.8044	11.947	-0.160334	
15.7961	11.9581	-0.160184	
15.7878	11.9693	-0.160035	
15.7795	11.9804	-0.159885	
15.7712	11.9915	-0.159736	
15.7629	12.0027	-0.159586	
15.7546	12.0138	-0.159437	
15.7463	12.0249	-0.159287	
15.738	12.0361	-0.159137	
15.7297	12.0472	-0.158988	
15.7215	12.0583	-0.158838	
15.7132	12.0695	-0.158689	
15.7049	12.0806	-0.158539	
15.6966	12.0917	-0.15839	
15.6883	12.1029	-0.15824	
15.68	12.114	-0.158091	
15.6717	12.1251	-0.157941	
15.6634	12.1362	-0.157791	
15.6551	12.1474	-0.157642	
15.6468	12.1585	-0.157492	
15.6385	12.1696	-0.157343	
15.6302	12.1808	-0.157193	
15.6219	12.1919	-0.157044	
15.6136	12.203	-0.156894	
15.6053	12.2142	-0.156745	
15.597	12.2253	-0.156595	
15.5887	12.2364	-0.156446	
15.5804	12.2476	-0.156296	
15.5721	12.2587	-0.156146	
15.5638	12.2698	-0.155997	
15.5555	12.281	-0.155847	
15.5473	12.2921	-0.155698	
15.539	12.3032	-0.155548	
15.5307	12.3144	-0.155399	
15.5224	12.3255	-0.155249	
15.5141	12.3366	-0.1551	
15.5058	12.3478	-0.15495	
15.4975	12.3589	-0.1548	
15.4892	12.37	-0.154651	
15.4809	12.3812	-0.154501	
15.4726	12.3923	-0.154352	
15.4643	12.4034	-0.154202	
15.456	12.4146	-0.154053	
15.4477	12.4257	-0.153903	
15.4394	12.4368	-0.153754	
15.4311	12.448	-0.153604	
15.4228	12.4591	-0.153454	
15.4145	12.4702	-0.153305	
15.4062	12.4814	-0.153155	
15.3979	12.4925	-0.153006	
15.3896	12.5036	-0.152856	
15.3813	12.5148	-0.152707	
15.3731	12.5259	-0.152557	
15.3648	12.537	-0.152408	
15.3565	12.5482	-0.152258	
15.3482	12.5593	-0.152109	
15.3399	12.5704	-0.151959	
15.3316	12.5816	-0.151809	
15.3233	12.5927	-0.15166	
15.315	12.6038	-0.15151	
15.3067	12.615	-0.151361	
15.2984	12.6261	-0.151211	
15.2901	12.6372	-0.151062	
15.2818	12.6483	-0.150912	
15.2735	12.6595	-0.150763	
15.2652	12.6706	-0.150613	
15.2569	12.6817	-0.150463	
15.2486	12.6929	-0.150314	
15.2403	12.704	-0.150164	
15.232	12.7151	-0.150015	
15.2237	12.7263	-0.149865	
15.2154	12.7374	-0.149716	
15.2071	12.7485	-0.149566	
15.1988	12.7597	-0.149417	
15.1906	12.7708	-0.149267	
15.1823	12.7819	-0.149118	
15.174	12.7931	-0.148968	
15.1657	12.8042	-0.148818	
15.1574	12.8153	-0.148669	
15.1491	12.8265	-0.148519	
15.1408	12.8376	-0.14837	
15.1325	12.8487	-0.14822	
15.1242	12.8599	-0.148071	
15.1159	12.871	-0.147921	
15.1076	12.8821	-0.147772	
15.0993	12.8933	-0.147622	
15.091	12.9044	-0.147472	
15.0827	12.9155	-0.147323	
15.0744	12.9267	-0.147173	
15.0661	12.9378	-0.147024	
15.0578	12.9489	-0.146874	
15.0495	12.9601	-0.146725	
15.0412	12.9712	-0.146575	
15.0329	12.9823	-0.146426	
15.0246	12.9935	-0.146276	
15.0164	13.0046	-0.146127	
15.0081	13.0157	-0.145977	
14.9998	13.0269	-0.145827	
14.9915	13.038	-0.145678	
14.9832	13.0491	-0.145528	
14.9749	13.0603	-0.145379	
14.9666	13.0714	-0.145229	
14.9583	13.0825	-0.14508	
14.95	13.0937	-0.14493	
14.9417	13.1048	-0.144781	
14.9334	13.1159	-0.144631	
14.9251	13.1271	-0.144481	
14.9168	13.1382	-0.144332	
14.9085	13.1493	-0.144182	
14.9002	13.1604	-0.144033	
14.8919	13.1716	-0.143883	
14.8836	13.1827	-0.143734	
14.8753	13.1938	-0.143584	
14.867	13.205	-0.143435	
14.8587	13.2161	-0.143285	
14.8504	13.2272	-0.143136	
14.8422	13.2384	-0.142986	
14.8339	13.2495	-0.142836	
14.8256	13.2606	-0.142687	
14.8173	13.2718	-0.142537	
14.809	13.2829	-0.142388	
14.8007	13.294	-0.142238	
14.7924	13.3052	-0.142089	
14.7841	13.3163	-0.141939	
14.7758	13.3274	-0.14179	
14.7675	13.3386	-0.14164	
14.7592	13.3497	-0.14149	
14.7509	13.3608	-0.141341	
14.7426	13.372	-0.141191	
14.7343	13.3831	-0.141042	
14.726	13.3942	-0.140892	
14.7177	13.4054	-0.140743	
14.7094	13.4165	-0.140593	
14.7011	13.4276	-0.140444	
14.6928	13.4388	-0.140294	
14.6845	13.4499	-0.140144	
14.6762	13.461	-0.139995	
14.668	13.4722	-0.139845	
14.6597	13.4833	-0.139696	
14.6514	13.4944	-0.139546	
14.6431	13.5056	-0.139397	
14.6348	13.5167	-0.139247	
14.6265	13.5278	-0.139098	
14.6182	13.539	-0.138948	
14.6099	13.5501	-0.138799	
14.6016	13.5612	-0.138649	
14.5933	13.5724	-0.138499	
14.585	13.5835	-0.13835	
14.5767	13.5946	-0.1382	
14.5684	13.6058	-0.138051	
14.5601	13.6169	-0.137901	
14.5518	13.628	-0.137752	
14.5435	13.6392	-0.137602	
14.5352	13.6503	-0.137453	
14.5269	13.6614	-0.137303	
14.5186	13.6725	-0.137153	
14.5103	13.6837	-0.137004	
14.502	13.6948	-0.136854	
14.4938	13.7059	-0.136705	
14.4855	13.7171	-0.136555	
14.4772	13.7282	-0.136406	
14.4689	13.7393	-0.136256	
14.4606	13.7505	-0.136107	
14.4523	13.7616	-0.135957	
14.444	13.7727	-0.135808	
14.4357	13.7839	-0.135658	
14.4274	13.795	-0.135508	
14.4191	13.8061	-0.135359	
14.4108	13.8173	-0.135209	
14.4025	13.8284	-0.13506	
14.3942	13.8395	-0.13491	
14.3859	13.8507	-0.134761	
14.3776	13.8618	-0.134611	
14.3693	13.8729	-0.134462	
14.361	13.8841	-0.134312	
14.3527	13.8952	-0.134162	
14.3444	13.9063	-0.134013	
14.3361	13.9175	-0.133863	
14.3278	13.9286	-0.133714	
14.3196	13.9397	-0.133564	
14.3113	13.9509	-0.133415	
14.303	13.962	-0.133265	
14.2947	13.9731	-0.133116	
14.2864	13.9843	-0.132966	
14.2781	13.9954	-0.132817	
14.2698	14.0065	-0.132667	
14.2615	14.0177	-0.132517	
14.2532	14.0288	-0.132368	
14.2449	14.0399	-0.132218	
14.2366	14.0511	-0.132069	
14.2283	14.0622	-0.131919	
14.22	14.0733	-0.13177	
14.2117	14.0845	-0.13162	
14.2034	14.0956	-0.131471	
14.1951	14.1067	-0.131321	
14.1868	14.1179	-0.131172	
14.1785	14.129	-0.131022	
14.1702	14.1401	-0.130872	
14.1619	14.1512	-0.130723	
14.1536	14.1624	-0.130573	
14.1453	14.1735	-0.130424	
14.1371	14.1846	-0.130274	
14.1288	14.1958	-0.130125	
14.1205	14.2069	-0.129975	
14.1122	14.218	-0.129826	
14.1039	14.2292	-0.129676	
14.0956	14.2403	-0.129526	
14.0873	14.2514	-0.129377	
14.079	14.2626	-0.129227	
14.0707	14.2737	-0.129078	
14.0624	14.2848	-0.128928	
14.0541	14.296	-0.128779	
14.0458	14.3071	-0.128629	
14.0375	14.3182	-0.12848	
14.0292	14.3294	-0.12833	
14.0209	14.3405	-0.128181	
14.0126	14.3516	-0.128031	
14.0043	14.3628	-0.127881	
13.996	14.3739	-0.127732	
13.9877	14.385	-0.127582	
13.9794	14.3962	-0.127433	
13.9711	14.4073	-0.127283	
13.9629	14.4184	-0.127134	
13.9546	14.4296	-0.126984	
13.9463	14.4407	-0.126835	
13.938	14.4518	-0.126685	
13.9297	14.463	-0.126535	
13.9214	14.4741	-0.126386	
13.9131	14.4852	-0.126236	
13.9048	14.4964	-0.126087	
13.8965	14.5075	-0.125937	
13.8882	14.5186	-0.125788	
13.8799	14.5298	-0.125638	
13.8716	14.5409	-0.125489	
13.8633	14.552	-0.125339	
13.855	14.5632	-0.12519	
13.8467	14.5743	-0.12504	
13.8384	14.5854	-0.12489	
13.8301	14.5966	-0.124741	
13.8218	14.6077	-0.124591	
13.8135	14.6188	-0.124442	
13.8052	14.6299	-0.124292	
13.7969	14.6411	-0.124143	
13.7887	14.6522	-0.123993	
13.7804	14.6633	-0.123844	
13.7721	14.6745	-0.123694	
13.7638	14.6856	-0.123544	
13.7555	14.6967	-0.123395	
13.7472	14.7079	-0.123245	
13.7389	14.719	-0.123096	
13.7306	14.7301	-0.122946	
13.7223	14.7413	-0.122797	
13.714	14.7524	-0.122647	
13.7057	14.7635	-0.122498	
13.6974	14.7747	-0.122348	
13.6891	14.7858	-0.122199	
13.6808	14.7969	-0.122049	
13.6725	14.8081	-0.121899	
13.6642	14.8192	-0.12175	
13.6559	14.8303	-0.1216	
13.6476	14.8415	-0.121451	
13.6393	14.8526	-0.121301	
13.631	14.8637	-0.121152	
13.6227	14.8749	-0.121002	
13.6145	14.886	-0.120853	
13.6062	14.8971	-0.120703	
13.5979	14.9083	-0.120553	
13.5896	14.9194	-0.120404	
13.5813	14.9305	-0.120254	
13.573	14.9417	-0.120105	
13.5647	14.9528	-0.119955	
13.5564	14.9639	-0.119806	
13.5481	14.9751	-0.119656	
13.5398	14.9862	-0.119507	
13.5315	14.9973	-0.119357	
13.5232	15.0085	-0.119208	
13.5149	15.0196	-0.119058	
13.5066	15.0307	-0.118908	
13.4983	15.0419	-0.118759	
13.49	15.053	-0.118609	
13.4817	15.0641	-0.11846	
13.4734	15.0753	-0.11831	
13.4651	15.0864	-0.118161	
13.4568	15.0975	-0.118011	
13.4485	15.1086	-0.117862	
13.4403	15.1198	-0.117712	
13.432	15.1309	-0.117563	
13.4237	15.142	-0.117413	
13.4154	15.1532	-0.117263	
13.4071	15.1643	-0.117114	
13.3988	15.1754	-0.116964	
13.3905	15.1866	-0.116815	
13.3822	15.1977	-0.116665	
13.3739	15.2088	-0.116516	
13.3656	15.22	-0.116366	
13.3573	15.2311	-0.116217	
13.349	15.2422	-0.116067	
13.3407	15.2534	-0.115917	
13.3324	15.2645	-0.115768	
13.3241	15.2756	-0.115618	
13.3158	15.2868	-0.115469	
13.3075	15.2979	-0.115319	
13.2992	15.309	-0.11517	
13.2909	15.3202	-0.11502	
13.2826	15.3313	-0.114871	
13.2743	15.3424	-0.114721	
13.2661	15.3536	-0.114572	
13.2578	15.3647	-0.114422	
13.2495	15.3758	-0.114272	
13.2412	15.387	-0.114123	
13.2329	15.3981	-0.113973	
13.2246	15.4092	-0.113824	
13.2163	15.4204	-0.113674	
13.208	15.4315	-0.113525	
13.1997	15.4426	-0.113375	
13.1914	15.4538	-0.113226	
13.1831	15.4649	-0.113076	
13.1748	15.476	-0.112926	
13.1665	15.4872	-0.112777	
13.1582	15.4983	-0.112627	
13.1499	15.5094	-0.112478	
13.1416	15.5206	-0.112328	
13.1333	15.5317	-0.112179	
13.125	15.5428	-0.112029	
13.1167	15.554	-0.11188	
13.1084	15.5651	-0.11173	
13.1001	15.5762	-0.111581	
13.0919	15.5873	-0.111431	
13.0836	15.5985	-0.111281	
13.0753	15.6096	-0.111132	
13.067	15.6207	-0.110982	
13.0587	15.6319	-0.110833	
13.0504	15.643	-0.110683	
13.0421	15.6541	-0.110534	
13.0338	15.6653	-0.110384	
13.0255	15.6764	-0.110235	
13.0172	15.6875	-0.110085	
13.0089	15.6987	-0.109936	
13.0006	15.7098	-0.109786	
12.9923	15.7209	-0.109636	
12.984	15.7321	-0.109487	
12.9757	15.7432	-0.109337	
12.9674	15.7543	-0.109188	
12.9591	15.7655	-0.109038	
12.9508	15.7766	-0.108889	
12.9425	15.7877	-0.108739	
12.9342	15.7989	-0.10859	
12.9259	15.81	-0.10844	
12.9177	15.8211	-0.10829	
12.9094	15.8323	-0.108141	
12.9011	15.8434	-0.107991	
12.8928	15.8545	-0.107842	
12.8845	15.8657	-0.107692	
12.8762	15.8768	-0.107543	
12.8679	15.8879	-0.107393	
12.8596	15.8991	-0.107244	
12.8513	15.9102	-0.107094	
12.843	15.9213	-0.106945	
12.8347	15.9325	-0.106795	
12.8264	15.9436	-0.106645	
12.8181	15.9547	-0.106496	
12.8098	15.9659	-0.106346	
12.8015	15.977	-0.106197	
12.7932	15.9881	-0.106047	
12.7849	15.9993	-0.105898	
12.7766	16.0104	-0.105748	
12.7683	16.0215	-0.105599	
12.76	16.0327	-0.105449	
12.7517	16.0438	-0.1053	
12.7435	16.0549	-0.10515	
12.7352	16.066	-0.105	
12.7269	16.0772	-0.104851	
12.7186	16.0883	-0.104701	
12.7103	16.0994	-0.104552	
12.702	16.1106	-0.104402	
12.6937	16.1217	-0.104253	
12.6854	16.1328	-0.104103	
12.6771	16.144	-0.103954	
12.6688	16.1551	-0.103804	
12.6605	16.1662	-0.103654	
12.6522	16.1774	-0.103505	
12.6439	16.1885	-0.103355	
12.6356	16.1996	-0.103206	
12.6273	16.2108	-0.103056	
12.619	16.2219	-0.102907	
12.6107	16.233	-0.102757	
12.6024	16.2442	-0.102608	
12.5941	16.2553	-0.102458	
12.5858	16.2664	-0.102309	
12.5775	16.2776	-0.102159	
12.5693	16.2887	-0.102009	
12.561	16.2998	-0.10186	
12.5527	16.311	-0.10171	
12.5444	16.3221	-0.101561	
12.5361	16.3332	-0.101411	
12.5278	16.3444	-0.101262	
12.5195	16.3555	-0.101112	
12.5112	16.3666	-0.100963	
12.5029	16.3778	-0.100813	
12.4946	16.3889	-0.100664	
12.4863	16.4	-0.100514	
12.478	16.4112	-0.100364	
12.4697	16.4223	-0.100215	
12.4614	16.4334	-0.100065	
12.4531	16.4446	-0.0999158	
12.4448	16.4557	-0.0997662	
12.4365	16.4668	-0.0996167	
12.4282	16.478	-0.0994671	
12.4199	16.4891	-0.0993176	
12.4116	16.5002	-0.099168	
12.4034	16.5113	-0.0990185	
12.3951	16.5225	-0.0988689	
12.3868	16.5336	-0.0987194	
12.3785	16.5447	-0.0985698	
12.3702	16.5559	-0.0984203	
12.3619	16.567	-0.0982707	
12.3536	16.5781	-0.0981212	
12.3453	16.5893	-0.0979716	
12.337	16.6004	-0.0978221	
12.3287	16.6115	-0.0976725	
12.3204	16.6227	-0.097523	
12.3121	16.6338	-0.0973735	
12.3038	16.6449	-0.0972239	
12.2955	16.6561	-0.0970744	
12.2872	16.6672	-0.0969248	
12.2789	16.6783	-0.0967753	
12.2706	16.6895	-0.0966257	
12.2623	16.7006	-0.0964762	
12.254	16.7117	-0.0963266	
12.2457	16.7229	-0.0961771	
12.2374	16.734	-0.0960275	
12.2292	16.7451	-0.095878	
12.2209	16.7563	-0.0957284	
12.2126	16.7674	-0.0955789	
12.2043	16.7785	-0.0954293	
12.196	16.7897	-0.0952798	
12.1877	16.8008	-0.0951302	
12.1794	16.8119	-0.0949807	
12.1711	16.8231	-0.0948311	
12.1628	16.8342	-0.0946816	
12.1545	16.8453	-0.094532	
12.1462	16.8565	-0.0943825	
12.1379	16.8676	-0.0942329	
12.1296	16.8787	-0.0940834	
12.1213	16.8899	-0.0939338	
12.113	16.901	-0.0937843	
12.1047	16.9121	-0.0936348	
12.0964	16.9233	-0.0934852	
12.0881	16.9344	-0.0933357	
12.0798	16.9455	-0.0931861	
12.0715	16.9567	-0.0930366	
12.0632	16.9678	-0.092887	
12.055	16.9789	-0.0927375	
12.0467	16.99	-0.0925879	
12.0384	17.0012	-0.0924384	
12.0301	17.0123	-0.0922888	
12.0218	17.0234	-0.0921393	
12.0135	17.0346	-0.0919897	
12.0052	17.0457	-0.0918402	
11.9969	17.0568	-0.0916906	
11.9886	17.068	-0.0915411	
11.9803	17.0791	-0.0913915	
11.972	17.0902	-0.091242	
11.9637	17.1014	-0.0910924	
11.9554	17.1125	-0.0909429	
11.9471	17.1236	-0.0907933	
11.9388	17.1348	-0.0906438	
11.9305	17.1459	-0.0904943	
11.9222	17.157	-0.0903447	
11.9139	17.1682	-0.0901952	
11.9056	17.1793	-0.0900456	
11.8973	17.1904	-0.0898961	
11.889	17.2016	-0.0897465	
11.8808	17.2127	-0.089597	
11.8725	17.2238	-0.0894474	
11.8642	17.235	-0.0892979	
11.8559	17.2461	-0.0891483	
11.8476	17.2572	-0.0889988	
11.8393	17.2684	-0.0888492	
11.831	17.2795	-0.0886997	
11.8227	17.2906	-0.0885501	
11.8144	17.3018	-0.0884006	
11.8061	17.3129	-0.088251	
11.7978	17.324	-0.0881015	
11.7895	17.3352	-0.0879519	
11.7812	17.3463	-0.0878024	
11.7729	17.3574	-0.0876528	
11.7646	17.3686	-0.0875033	
11.7563	17.3797	-0.0873537	
11.748	17.3908	-0.0872042	
11.7397	17.402	-0.0870547	
11.7314	17.4131	-0.0869051	
11.7231	17.4242	-0.0867556	
11.7148	17.4353	-0.086606	
11.7066	17.4465	-0.0864565	
11.6983	17.4576	-0.0863069	
11.69	17.4687	-0.0861574	
11.6817	17.4799	-0.0860078	
11.6734	17.491	-0.0858583	
11.6651	17.5021	-0.0857087	
11.6568	17.5133	-0.0855592	
11.6485	17.5244	-0.0854096	
11.6402	17.5355	-0.0852601	
11.6319	17.5467	-0.0851105	
11.6236	17.5578	-0.084961	
11.6153	17.5689	-0.0848114	
11.607	17.5801	-0.0846619	
11.5987	17.5912	-0.0845123	
11.5904	17.6023	-0.0843628	
11.5821	17.6135	-0.0842133	
11.5738	17.6246	-0.0840637	
11.5655	17.6357	-0.0839142	
11.5572	17.6469	-0.0837646	
11.5489	17.658	-0.0836151	
11.5406	17.6691	-0.0834655	
11.5324	17.6803	-0.083316	
11.5241	17.6914	-0.0831664	
11.5158	17.7025	-0.0830169	
11.5075	17.7137	-0.0828673	
11.4992	17.7248	-0.0827178	
11.4909	17.7359	-0.0825682	
11.4826	17.7471	-0.0824187	
11.4743	17.7582	-0.0822691	
11.466	17.7693	-0.0821196	
11.4577	17.7805	-0.08197	
11.4494	17.7916	-0.0818205	
11.4411	17.8027	-0.0816709	
11.4328	17.8139	-0.0815214	
11.4245	17.825	-0.0813719	
11.4162	17.8361	-0.0812223	
11.4079	17.8473	-0.0810728	
11.3996	17.8584	-0.0809232	
11.3913	17.8695	-0.0807737	
11.383	17.8806	-0.0806241	
11.3747	17.8918	-0.0804746	
11.3665	17.9029	-0.080325	
11.3582	17.914	-0.0801755	
11.3499	17.9252	-0.0800259	
11.3416	17.9363	-0.0798764	
11.3333	17.9474	-0.0797268	
11.325	17.9586	-0.0795773	
11.3167	17.9697	-0.0794277	
11.3084	17.9808	-0.0792782	
11.3001	17.992	-0.0791286	
11.2918	18.0031	-0.0789791	
11.2835	18.0142	-0.0788295	
11.2752	18.0254	-0.07868	
11.2669	18.0365	-0.0785305	
11.2586	18.0476	-0.0783809	
11.2503	18.0588	-0.0782314	
11.242	18.0699	-0.0780818	
11.2337	18.081	-0.0779323	
11.2254	18.0922	-0.0777827	
11.2171	18.1033	-0.0776332	
11.2088	18.1144	-0.0774836	
11.2005	18.1256	-0.0773341	
11.1923	18.1367	-0.0771845	
11.184	18.1478	-0.077035	
11.1757	18.159	-0.0768854	
11.1674	18.1701	-0.0767359	
11.1591	18.1812	-0.0765863	
11.1508	18.1924	-0.0764368	
11.1425	18.2035	-0.0762872	
11.1342	18.2146	-0.0761377	
11.1259	18.2258	-0.0759882	
11.1176	18.2369	-0.0758386	
11.1093	18.248	-0.0756891	
11.101	18.2592	-0.0755395	
11.0927	18.2703	-0.07539	
11.0844	18.2814	-0.0752404	
11.0761	18.2926	-0.0750909	
11.0678	18.3037	-0.0749413	
11.0595	18.3148	-0.0747918	
11.0512	18.3259	-0.0746422	
11.0429	18.3371	-0.0744927	
11.0346	18.3482	-0.0743431	
11.0263	18.3593	-0.0741936	
11.0181	18.3705	-0.074044	
11.0098	18.3816	-0.0738945	
11.0015	18.3927	-0.073745	
10.9932	18.4039	-0.0735954	
10.9849	18.415	-0.0734459	
10.9766	18.4261	-0.0732963	
10.9683	18.4373	-0.0731468	
10.96	18.4484	-0.0729972	
10.9517	18.4595	-0.0728477	
10.9434	18.4707	-0.0726981	
10.9351	18.4818	-0.0725486	
10.9268	18.4929	-0.072399	
10.9185	18.5041	-0.0722495	
10.9102	18.5152	-0.0720999	
10.9019	18.5263	-0.0719504	
10.8936	18.5375	-0.0718008	
10.8853	18.5486	-0.0716513	
10.877	18.5597	-0.0715017	
10.8687	18.5709	-0.0713522	
10.8604	18.582	-0.0712027	
10.8521	18.5931	-0.0710531	
10.8439	18.6043	-0.0709036	
10.8356	18.6154	-0.070754	
10.8273	18.6265	-0.0706045	
10.819	18.6377	-0.0704549	
10.8107	18.6488	-0.0703054	
10.8024	18.6599	-0.0701558	
10.7941	18.6711	-0.0700063	
10.7858	18.6822	-0.0698567	
10.7775	18.6933	-0.0697072	
10.7692	18.7045	-0.0695576	
10.7609	18.7156	-0.0694081	
10.7526	18.7267	-0.0692585	
10.7443	18.7378	-0.069109	
10.736	18.749	-0.0689595	
10.7277	18.7601	-0.0688099	
10.7194	18.7712	-0.0686604	
10.7111	18.7824	-0.0685108	
10.7028	18.7935	-0.0683613	
10.6945	18.8046	-0.0682117	
10.6862	18.8158	-0.0680622	
10.678	18.8269	-0.0679126	
10.6697	18.838	-0.0677631	
10.6614	18.8492	-0.0676135	
10.6531	18.8603	-0.067464	
10.6448	18.8714	-0.0673144	
10.6365	18.8826	-0.0671649	
10.6282	18.8937	-0.0670153	
10.6199	18.9048	-0.0668658	
10.6116	18.916	-0.0667163	
10.6033	18.9271	-0.0665667	
10.595	18.9382	-0.0664172	
10.5867	18.9494	-0.0662676	
10.5784	18.9605	-0.0661181	
10.5701	18.9716	-0.0659685	
10.5618	18.9828	-0.065819	
10.5535	18.9939	-0.0656694	
10.5452	19.005	-0.0655199	
10.5369	19.0162	-0.0653703	
10.5286	19.0273	-0.0652208	
10.5203	19.0384	-0.0650712	
10.512	19.0496	-0.0649217	
10.5038	19.0607	-0.0647721	
10.4955	19.0718	-0.0646226	
10.4872	19.083	-0.0644731	
10.4789	19.0941	-0.0643235	
10.4706	19.1052	-0.064174	
10.4623	19.1164	-0.0640244	
10.454	19.1275	-0.0638749	
10.4457	19.1386	-0.0637253	
10.4374	19.1498	-0.0635758	
10.4291	19.1609	-0.0634262	
10.4208	19.172	-0.0632767	
10.4125	19.1831	-0.0631271	
10.4042	19.1943	-0.0629776	
10.3959	19.2054	-0.062828	
10.3876	19.2165	-0.0626785	
10.3793	19.2277	-0.062529	
10.371	19.2388	-0.0623794	
10.3627	19.2499	-0.0622299	
10.3544	19.2611	-0.0620803	
10.3461	19.2722	-0.0619308	
10.3378	19.2833	-0.0617812	
10.3296	19.2945	-0.0616317	
10.3213	19.3056	-0.0614821	
10.313	19.3167	-0.0613326	
10.3047	19.3279	-0.061183	
10.2964	19.339	-0.0610335	
10.2881	19.3501	-0.0608839	
10.2798	19.3613	-0.0607344	
10.2715	19.3724	-0.0605848	
10.2632	19.3835	-0.0604353	
10.2549	19.3947	-0.0602858	
10.2466	19.4058	-0.0601362	
10.2383	19.4169	-0.0599867	
10.23	19.4281	-0.0598371	
10.2217	19.4392	-0.0596876	
10.2134	19.4503	-0.059538	
10.2051	19.4615	-0.0593885	
10.1968	19.4726	-0.0592389	
10.1885	19.4837	-0.0590894	
10.1802	19.4949	-0.0589398	
10.1719	19.506	-0.0587903	
10.1637	19.5171	-0.0586407	
10.1554	19.5283	-0.0584912	
10.1471	19.5394	-0.0583417	
10.1388	19.5505	-0.0581921	
10.1305	19.5617	-0.0580426	
10.1222	19.5728	-0.057893	
10.1139	19.5839	-0.0577435	
10.1056	19.5951	-0.0575939	
10.0973	19.6062	-0.0574444	
10.089	19.6173	-0.0572948	
10.0807	19.6284	-0.0571453	
10.0724	19.6396	-0.0569957	
10.0641	19.6507	-0.0568462	
10.0558	19.6618	-0.0566966	
10.0475	19.673	-0.0565471	
10.0392	19.6841	-0.0563976	
10.0309	19.6952	-0.056248	
10.0226	19.7064	-0.0560985	
10.0143	19.7175	-0.0559489	
10.006	19.7286	-0.0557994	
9.99775	19.7398	-0.0556498	
9.98945	19.7509	-0.0555003	
9.98116	19.762	-0.0553507	
9.97286	19.7732	-0.0552012	
9.96457	19.7843	-0.0550516	
9.95627	19.7954	-0.0549021	
9.94798	19.8066	-0.0547525	
9.93968	19.8177	-0.054603	
9.93139	19.8288	-0.0544535	
9.92309	19.84	-0.0543039	
9.9148	19.8511	-0.0541544	
9.9065	19.8622	-0.0540048	
9.89821	19.8734	-0.0538553	
9.88991	19.8845	-0.0537057	
9.88162	19.8956	-0.0535562	
9.87332	19.9068	-0.0534066	
9.86503	19.9179	-0.0532571	
9.85673	19.929	-0.0531075	
9.84844	19.9402	-0.052958	
9.84014	19.9513	-0.0528085	
9.83185	19.9624	-0.0526589	
9.82355	19.9736	-0.0525094	
9.81526	19.9847	-0.0523598	
9.80696	19.9958	-0.0522103	
9.79866	20.007	-0.0520607	
9.79037	20.0181	-0.0519112	
9.78207	20.0292	-0.0517616	
9.77378	20.0403	-0.0516121	
9.76548	20.0515	-0.0514625	
9.75719	20.0626	-0.051313	
9.74889	20.0737	-0.0511634	
9.7406	20.0849	-0.0510139	
9.7323	20.096	-0.0508644	
9.72401	20.1071	-0.0507148	
9.71571	20.1183	-0.0505653	
9.70742	20.1294	-0.0504157	
9.69912	20.1405	-0.0502662	
9.69083	20.1517	-0.0501166	
9.68253	20.1628	-0.0499671	
9.67424	20.1739	-0.0498175	
9.66594	20.1851	-0.049668	
9.65765	20.1962	-0.0495184	
9.64935	20.2073	-0.0493689	
9.64106	20.2185	-0.0492194	
9.63276	20.2296	-0.0490698	
9.62447	20.2407	-0.0489203	
9.61617	20.2519	-0.0487707	
9.60788	20.263	-0.0486212	
9.59958	20.2741	-0.0484716	
9.59129	20.2853	-0.0483221	
9.58299	20.2964	-0.0481725	
9.5747	20.3075	-0.048023	
9.5664	20.3187	-0.0478734	
9.55811	20.3298	-0.0477239	
9.54981	20.3409	-0.0475743	
9.54152	20.3521	-0.0474248	
9.53322	20.3632	-0.0472753	
9.52493	20.3743	-0.0471257	
9.51663	20.3855	-0.0469762	
9.50833	20.3966	-0.0468266	
9.50004	20.4077	-0.0466771	
9.49174	20.4189	-0.0465275	
9.48345	20.43	-0.046378	
9.47515	20.4411	-0.0462284	
9.46686	20.4522	-0.0460789	
9.45856	20.4634	-0.0459293	
9.45027	20.4745	-0.0457798	
9.44197	20.4856	-0.0456303	
9.43368	20.4968	-0.0454807	
9.42538	20.5079	-0.0453312	
9.41709	20.519	-0.0451816	
9.40879	20.5302	-0.0450321	
9.4005	20.5413	-0.0448825	
9.3922	20.5524	-0.044733	
9.38391	20.5636	-0.0445834	
9.37561	20.5747	-0.0444339	
9.36732	20.5858	-0.0442843	
9.35902	20.597	-0.0441348	
9.35073	20.6081	-0.0439853	
9.34243	20.6192	-0.0438357	
9.33414	20.6304	-0.0436862	
9.32584	20.6415	-0.0435366	
9.31755	20.6526	-0.0433871	
9.30925	20.6638	-0.0432375	
9.30096	20.6749	-0.043088	
9.29266	20.686	-0.0429384	
9.28437	20.6972	-0.0427889	
9.27607	20.7083	-0.0426393	
9.26778	20.7194	-0.0424898	
9.25948	20.7306	-0.0423403	
9.25119	20.7417	-0.0421907	
9.24289	20.7528	-0.0420412	
9.2346	20.764	-0.0418916	
9.2263	20.7751	-0.0417421	
9.21801	20.7862	-0.0415925	
9.20971	20.7974	-0.041443	
9.20142	20.8085	-0.0412934	
9.19312	20.8196	-0.0411439	
9.18482	20.8308	-0.0409943	
9.17653	20.8419	-0.0408448	
9.16823	20.853	-0.0406953	
9.15994	20.8642	-0.0405457	
9.15164	20.8753	-0.0403962	
9.14335	20.8864	-0.0402466	
9.13505	20.8975	-0.0400971	
9.12676	20.9087	-0.0399475	
9.11846	20.9198	-0.039798	
9.11017	20.9309	-0.0396484	
9.10187	20.9421	-0.0394989	
9.09358	20.9532	-0.0393493	
9.08528	20.9643	-0.0391998	
9.07699	20.9755	-0.0390503	
9.06869	20.9866	-0.0389007	
9.0604	20.9977	-0.0387512	
9.0521	21.0089	-0.0386016	
9.04381	21.02	-0.0384521	
9.03551	21.0311	-0.0383025	
9.02722	21.0423	-0.038153	
9.01892	21.0534	-0.0380034	
9.01063	21.0645	-0.0378539	
9.00233	21.0757	-0.0377043	
8.99404	21.0868	-0.0375548	
8.98574	21.0979	-0.0374053	
8.97745	21.1091	-0.0372557	
8.96915	21.1202	-0.0371062	
8.96086	21.1313	-0.0369566	
8.95256	21.1425	-0.0368071	
8.94427	21.1536	-0.0366575	
8.93597	21.1647	-0.036508	
8.92768	21.1759	-0.0363584	
8.91938	21.187	-0.0362089	
8.91109	21.1981	-0.0360593	
8.90279	21.2093	-0.0359098	
8.8945	21.2204	-0.0357603	
8.8862	21.2315	-0.0356107	
8.87791	21.2427	-0.0354612	
8.86961	21.2538	-0.0353116	
8.86131	21.2649	-0.0351621	
8.85302	21.2761	-0.0350125	
8.84472	21.2872	-0.034863	
8.83643	21.2983	-0.0347134	
8.82813	21.3094	-0.0345639	
8.81984	21.3206	-0.0344144	
8.81154	21.3317	-0.0342648	
8.80325	21.3428	-0.0341153	
8.79495	21.354	-0.0339657	
8.78666	21.3651	-0.0338162	
8.77836	21.3762	-0.0336666	
8.77007	21.3874	-0.0335171	
8.76177	21.3985	-0.0333675	
8.75348	21.4096	-0.033218	
8.74518	21.4208	-0.0330684	
8.73689	21.4319	-0.0329189	
8.72859	21.443	-0.0327694	
8.7203	21.4542	-0.0326198	
8.712	21.4653	-0.0324703	
8.70371	21.4764	-0.0323207	
8.69541	21.4876	-0.0321712	
8.68712	21.4987	-0.0320216	
8.67882	21.5098	-0.0318721	
8.67053	21.521	-0.0317225	
8.66223	21.5321	-0.031573	
8.65394	21.5432	-0.0314235	
8.64564	21.5544	-0.0312739	
8.63735	21.5655	-0.0311244	
8.62905	21.5766	-0.0309748	
8.62076	21.5878	-0.0308253	
8.61246	21.5989	-0.0306757	
8.60417	21.61	-0.0305262	
8.59587	21.6212	-0.0303766	
8.58758	21.6323	-0.0302271	
8.57928	21.6434	-0.0300775	
8.57099	21.6546	-0.029928	
8.56269	21.6657	-0.0297785	
8.5544	21.6768	-0.0296289	
8.5461	21.688	-0.0294794	
8.53781	21.6991	-0.0293298	
8.52951	21.7102	-0.0291803	
8.52122	21.7213	-0.0290307	
8.51292	21.7325	-0.0288812	
8.50462	21.7436	-0.0287316	
8.49633	21.7547	-0.0285821	
8.48803	21.7659	-0.0284326	
8.47974	21.777	-0.028283	
8.47144	21.7881	-0.0281335	
8.46315	21.7993	-0.0279839	
8.45485	21.8104	-0.0278344	
8.44656	21.8215	-0.0276848	
8.43826	21.8327	-0.0275353	
8.42997	21.8438	-0.0273857	
8.42167	21.8549	-0.0272362	
8.41338	21.8661	-0.0270866	
8.40508	21.8772	-0.0269371	
8.39679	21.8883	-0.0267876	
8.38849	21.8995	-0.026638	
8.3802	21.9106	-0.0264885	
8.3719	21.9217	-0.0263389	
8.36361	21.9329	-0.0261894	
8.35531	21.944	-0.0260398	
8.34702	21.9551	-0.0258903	
8.33872	21.9663	-0.0257407	
8.33043	21.9774	-0.0255912	
8.32213	21.9885	-0.0254417	
8.31384	21.9997	-0.0252921	
8.30554	22.0108	-0.0251426	
8.29725	22.0219	-0.024993	
8.28895	22.0331	-0.0248435	
8.28066	22.0442	-0.0246939	
8.27236	22.0553	-0.0245444	
8.26407	22.0665	-0.0243948	
8.25577	22.0776	-0.0242453	
8.24748	22.0887	-0.0240958	
8.23918	22.0999	-0.0239462	
8.23089	22.111	-0.0237967	
8.22259	22.1221	-0.0236471	
8.2143	22.1332	-0.0234976	
8.206	22.1444	-0.023348	
8.19771	22.1555	-0.0231985	
8.18941	22.1666	-0.0230489	
8.18112	22.1778	-0.0228994	
8.17282	22.1889	-0.0227499	
8.16453	22.2	-0.0226003	
8.15623	22.2112	-0.0224508	
8.14794	22.2223	-0.0223012	
8.13964	22.2334	-0.0221517	
8.13135	22.2446	-0.0220021	
8.12305	22.2557	-0.0218526	
8.11475	22.2668	-0.021703	
8.10646	22.278	-0.0215535	
8.09816	22.2891	-0.021404	
8.08987	22.3002	-0.0212544	
8.08157	22.3114	-0.0211049	
8.07328	22.3225	-0.0209553	
8.06498	22.3336	-0.0208058	
8.05669	22.3448	-0.0206562	
8.04839	22.3559	-0.0205067	
8.0401	22.367	-0.0203571	
8.0318	22.3782	-0.0202076	
8.02351	22.3893	-0.0200581	
8.01521	22.4004	-0.0199085	
8.00692	22.4116	-0.019759	
7.99862	22.4227	-0.0196094	
7.99033	22.4338	-0.0194599	
7.98203	22.445	-0.0193103	
